SP 2 6174 1.23604 0.0384125 0.00249432
SP 3 6174 1.35406 0.086428 0.00374148
SP 4 6174 1.42522 0.119853 0.00440596
SP 5 6174 1.47296 0.141473 0.00478689
SP 6 6174 1.50724 0.155627 0.00502064
SP 7 6174 1.53306 0.165175 0.00517237
SP 8 6174 1.5532 0.171803 0.00527512
SP 9 6174 1.56935 0.176506 0.00534682
SP 10 6174 1.58261 0.179891 0.00539786
SP 11 6174 1.59369 0.182347 0.00543458
SP 12 6174 1.6031 0.184129 0.00546107
SP 13 6174 1.61121 0.185413 0.00548007
SP 14 6174 1.61829 0.186322 0.00549349
SP 15 6174 1.62453 0.186945 0.00550267
SP 16 6174 1.63009 0.187347 0.00550858
SP 17 6174 1.63509 0.187577 0.00551197
SP 18 6174 1.63961 0.187673 0.00551338
SP 19 6174 1.64373 0.187663 0.00551323
SP 20 6174 1.64751 0.187569 0.00551185
SP 21 6174 1.651 0.187408 0.00550949
SP 22 6174 1.65424 0.187195 0.00550635
SP 23 6174 1.65726 0.186939 0.00550258
SP 24 6174 1.66009 0.18665 0.00549833
SP 25 6174 1.66274 0.186335 0.00549369
SP 26 6174 1.66525 0.185999 0.00548874
SP 27 6174 1.66761 0.185648 0.00548355
SP 28 6174 1.66986 0.185285 0.00547818
SP 29 6174 1.672 0.184912 0.00547267
SP 30 6174 1.67405 0.184533 0.00546706
SP 31 6174 1.676 0.18415 0.00546139
SP 32 6174 1.67787 0.183765 0.00545566
SP 33 6174 1.67967 0.183378 0.00544992
SP 34 6174 1.6814 0.182991 0.00544417
SP 35 6174 1.68307 0.182605 0.00543843
SP 36 6174 1.68467 0.182222 0.00543271
SP 37 6174 1.68623 0.18184 0.00542703
SP 38 6174 1.68773 0.181462 0.00542138
SP 39 6174 1.68919 0.181087 0.00541578
SP 40 6174 1.69061 0.180717 0.00541023
SP 41 6174 1.69198 0.18035 0.00540474
SP 42 6174 1.69331 0.179988 0.00539931
SP 43 6174 1.69461 0.17963 0.00539395
SP 44 6174 1.69588 0.179278 0.00538865
SP 45 6174 1.69711 0.17893 0.00538342
SP 46 6174 1.69832 0.178587 0.00537826
SP 47 6174 1.69949 0.17825 0.00537318
SP 48 6174 1.70064 0.177917 0.00536816
SP 49 6174 1.70176 0.17759 0.00536322
SP 50 6174 1.70286 0.177268 0.00535836
SP 51 6174 1.70394 0.176951 0.00535357
SP 52 6174 1.70499 0.176639 0.00534885
SP 53 6174 1.70602 0.176333 0.00534421
SP 54 6174 1.70704 0.176031 0.00533964
SP 55 6174 1.70803 0.175735 0.00533514
SP 56 6174 1.709 0.175444 0.00533072
SP 57 6174 1.70996 0.175158 0.00532637
SP 58 6174 1.7109 0.174876 0.00532209
SP 59 6174 1.71182 0.1746 0.00531789
SP 60 6174 1.71273 0.174329 0.00531375
SP 61 6174 1.71362 0.174062 0.00530969
SP 62 6174 1.7145 0.1738 0.00530569
SP 63 6174 1.71536 0.173543 0.00530177
SP 64 6174 1.71621 0.173291 0.00529791
SP 65 6174 1.71705 0.173043 0.00529412
SP 66 6174 1.71787 0.1728 0.0052904
SP 67 6174 1.71868 0.172561 0.00528674
SP 68 6174 1.71948 0.172327 0.00528315
SP 69 6174 1.72027 0.172097 0.00527963
SP 70 6174 1.72105 0.171871 0.00527617
SP 71 6174 1.72181 0.17165 0.00527277
SP 72 6174 1.72257 0.171433 0.00526943
SP 73 6174 1.72331 0.17122 0.00526615
SP 74 6174 1.72405 0.171011 0.00526294
SP 75 6174 1.72478 0.170806 0.00525979
SP 76 6174 1.72549 0.170605 0.00525669
SP 77 6174 1.7262 0.170408 0.00525365
SP 78 6174 1.7269 0.170215 0.00525067
SP 79 6174 1.72759 0.170025 0.00524775
SP 80 6174 1.72827 0.169839 0.00524489
SP 81 6174 1.72895 0.169657 0.00524207
SP 82 6174 1.72961 0.169479 0.00523932
SP 83 6174 1.73027 0.169304 0.00523662
SP 84 6174 1.73092 0.169133 0.00523397
SP 85 6174 1.73157 0.168965 0.00523137
SP 86 6174 1.7322 0.168801 0.00522883
SP 87 6174 1.73283 0.16864 0.00522633
SP 88 6174 1.73346 0.168482 0.00522389
SP 89 6174 1.73407 0.168328 0.0052215
SP 90 6174 1.73468 0.168177 0.00521915
SP 91 6174 1.73528 0.168029 0.00521686
SP 92 6174 1.73588 0.167884 0.00521461
SP 93 6174 1.73647 0.167743 0.00521241
SP 94 6174 1.73705 0.167604 0.00521026
SP 95 6174 1.73763 0.167469 0.00520815
SP 96 6174 1.7382 0.167336 0.00520609
SP 97 6174 1.73877 0.167207 0.00520407
SP 98 6174 1.73933 0.16708 0.0052021
SP 99 6174 1.73989 0.166956 0.00520017
SP 100 6174 1.74044 0.166835 0.00519829
SP 101 6174 1.74098 0.166717 0.00519644
SP 102 6174 1.74152 0.166601 0.00519464
SP 103 6174 1.74206 0.166488 0.00519288
SP 104 6174 1.74259 0.166378 0.00519117
SP 105 6174 1.74311 0.166271 0.00518949
SP 106 6174 1.74363 0.166166 0.00518785
SP 107 6174 1.74415 0.166063 0.00518625
SP 108 6174 1.74466 0.165963 0.00518469
SP 109 6174 1.74516 0.165866 0.00518317
SP 110 6174 1.74567 0.165771 0.00518169
SP 111 6174 1.74616 0.165679 0.00518024
SP 112 6174 1.74666 0.165589 0.00517883
SP 113 6174 1.74715 0.165501 0.00517746
SP 114 6174 1.74763 0.165415 0.00517612
SP 115 6174 1.74811 0.165332 0.00517482
SP 116 6174 1.74859 0.165251 0.00517356
SP 117 6174 1.74906 0.165173 0.00517233
SP 118 6174 1.74953 0.165096 0.00517113
SP 119 6174 1.74999 0.165022 0.00516997
SP 120 6174 1.75045 0.16495 0.00516884
SP 121 6174 1.75091 0.16488 0.00516774
SP 122 6174 1.75136 0.164812 0.00516668
SP 123 6174 1.75181 0.164747 0.00516565
SP 124 6174 1.75226 0.164683 0.00516465
SP 125 6174 1.7527 0.164621 0.00516368
SP 126 6174 1.75314 0.164561 0.00516274
SP 127 6174 1.75358 0.164504 0.00516184
SP 128 6174 1.75401 0.164448 0.00516096
SP 129 6174 1.75444 0.164394 0.00516012
SP 130 6174 1.75486 0.164342 0.0051593
SP 131 6174 1.75528 0.164292 0.00515852
SP 132 6174 1.7557 0.164244 0.00515776
SP 133 6174 1.75612 0.164197 0.00515703
SP 134 6174 1.75653 0.164153 0.00515633
SP 135 6174 1.75694 0.16411 0.00515566
SP 136 6174 1.75734 0.164069 0.00515501
SP 137 6174 1.75775 0.16403 0.0051544
SP 138 6174 1.75815 0.163992 0.00515381
SP 139 6174 1.75855 0.163956 0.00515324
SP 140 6174 1.75894 0.163922 0.00515271
SP 141 6174 1.75933 0.163889 0.00515219
SP 142 6174 1.75972 0.163859 0.00515171
SP 143 6174 1.7601 0.163829 0.00515125
SP 144 6174 1.76049 0.163802 0.00515082
SP 145 6174 1.76087 0.163776 0.00515041
SP 146 6174 1.76124 0.163751 0.00515002
SP 147 6174 1.76162 0.163728 0.00514966
SP 148 6174 1.76199 0.163707 0.00514933
SP 149 6174 1.76236 0.163687 0.00514901
SP 150 6174 1.76273 0.163669 0.00514873
SP 151 6174 1.76309 0.163652 0.00514846
SP 152 6174 1.76345 0.163637 0.00514822
SP 153 6174 1.76381 0.163623 0.005148
SP 154 6174 1.76417 0.16361 0.00514781
SP 155 6174 1.76452 0.163599 0.00514763
SP 156 6174 1.76487 0.16359 0.00514748
SP 157 6174 1.76522 0.163582 0.00514735
SP 158 6174 1.76557 0.163575 0.00514725
SP 159 6174 1.76591 0.163569 0.00514716
SP 160 6174 1.76625 0.163565 0.0051471
SP 161 6174 1.76659 0.163563 0.00514705
SP 162 6174 1.76693 0.163561 0.00514703
SP 163 6174 1.76726 0.163561 0.00514703
SP 164 6174 1.7676 0.163562 0.00514705
SP 165 6174 1.76793 0.163565 0.00514709
SP 166 6174 1.76826 0.163569 0.00514715
SP 167 6174 1.76858 0.163574 0.00514723
SP 168 6174 1.7689 0.16358 0.00514733
SP 169 6174 1.76923 0.163588 0.00514745
SP 170 6174 1.76955 0.163596 0.00514759
SP 171 6174 1.76986 0.163607 0.00514775
SP 172 6174 1.77018 0.163618 0.00514792
SP 173 6174 1.77049 0.16363 0.00514812
SP 174 6174 1.7708 0.163644 0.00514833
SP 175 6174 1.77111 0.163659 0.00514857
SP 176 6174 1.77142 0.163675 0.00514882
SP 177 6174 1.77172 0.163692 0.00514909
SP 178 6174 1.77203 0.163711 0.00514938
SP 179 6174 1.77233 0.16373 0.00514969
SP 180 6174 1.77262 0.163751 0.00515001
SP 181 6174 1.77292 0.163773 0.00515036
SP 182 6174 1.77322 0.163795 0.00515072
SP 183 6174 1.77351 0.163819 0.00515109
SP 184 6174 1.7738 0.163845 0.00515149
SP 185 6174 1.77409 0.163871 0.0051519
SP 186 6174 1.77438 0.163898 0.00515233
SP 187 6174 1.77466 0.163927 0.00515278
SP 188 6174 1.77495 0.163956 0.00515324
SP 189 6174 1.77523 0.163987 0.00515372
SP 190 6174 1.77551 0.164018 0.00515422
SP 191 6174 1.77579 0.164051 0.00515474
SP 192 6174 1.77606 0.164085 0.00515527
SP 193 6174 1.77634 0.16412 0.00515581
SP 194 6174 1.77661 0.164156 0.00515638
SP 195 6174 1.77688 0.164193 0.00515696
SP 196 6174 1.77715 0.16423 0.00515755
SP 197 6174 1.77742 0.164269 0.00515816
SP 198 6174 1.77768 0.164309 0.00515879
SP 199 6174 1.77795 0.16435 0.00515943
SP 200 6174 1.77821 0.164392 0.00516009
SP 201 6174 1.77847 0.164436 0.00516077
SP 202 6174 1.77873 0.16448 0.00516146
SP 203 6174 1.77899 0.164525 0.00516217
SP 204 6174 1.77924 0.164571 0.00516289
SP 205 6174 1.7795 0.164618 0.00516363
SP 206 6174 1.77975 0.164666 0.00516438
SP 207 6174 1.78 0.164715 0.00516515
SP 208 6174 1.78025 0.164765 0.00516593
SP 209 6174 1.7805 0.164816 0.00516673
SP 210 6174 1.78074 0.164868 0.00516755
SP 211 6174 1.78099 0.164921 0.00516838
SP 212 6174 1.78123 0.164974 0.00516922
SP 213 6174 1.78147 0.165029 0.00517008
SP 214 6174 1.78171 0.165085 0.00517096
SP 215 6174 1.78195 0.165142 0.00517185
SP 216 6174 1.78219 0.1652 0.00517275
SP 217 6174 1.78242 0.165259 0.00517367
SP 218 6174 1.78266 0.165318 0.00517461
SP 219 6174 1.78289 0.165379 0.00517556
SP 220 6174 1.78312 0.165441 0.00517652

SLC_Andean 2 6174 1.24332 0.0295713 0.00218853
SLC_Andean 3 6174 1.36498 0.0665355 0.00328279
SLC_Andean 4 6174 1.44262 0.0913031 0.00384556
SLC_Andean 5 6174 1.49825 0.106442 0.00415216
SLC_Andean 6 6174 1.54074 0.115666 0.00432832
SLC_Andean 7 6174 1.57453 0.121354 0.00443347
SLC_Andean 8 6174 1.60217 0.124882 0.00449745
SLC_Andean 9 6174 1.62525 0.127043 0.00453621
SLC_Andean 10 6174 1.64485 0.128313 0.00455882
SLC_Andean 11 6174 1.66171 0.128986 0.00457076
SLC_Andean 12 6174 1.67639 0.129252 0.00457546
SLC_Andean 13 6174 1.68929 0.129234 0.00457515
SLC_Andean 14 6174 1.70071 0.129019 0.00457135
SLC_Andean 15 6174 1.71091 0.128666 0.00456508
SLC_Andean 16 6174 1.72008 0.128215 0.00455707
SLC_Andean 17 6174 1.72836 0.127696 0.00454785
SLC_Andean 18 6174 1.73588 0.127132 0.00453778
SLC_Andean 19 6174 1.74274 0.126536 0.00452714
SLC_Andean 20 6174 1.74902 0.125922 0.00451614
SLC_Andean 21 6174 1.75481 0.125298 0.00450493
SLC_Andean 22 6174 1.76015 0.124669 0.00449362
SLC_Andean 23 6174 1.7651 0.124041 0.00448229
SLC_Andean 24 6174 1.76969 0.123418 0.00447101
SLC_Andean 25 6174 1.77398 0.122801 0.00445983
SLC_Andean 26 6174 1.77798 0.122194 0.00444878
SLC_Andean 27 6174 1.78173 0.121597 0.0044379
SLC_Andean 28 6174 1.78525 0.121011 0.0044272
SLC_Andean 29 6174 1.78856 0.120437 0.00441669
SLC_Andean 30 6174 1.79168 0.119876 0.00440639
SLC_Andean 31 6174 1.79463 0.119328 0.0043963
SLC_Andean 32 6174 1.79742 0.118793 0.00438644
SLC_Andean 33 6174 1.80007 0.118271 0.00437679
SLC_Andean 34 6174 1.80258 0.117762 0.00436737
SLC_Andean 35 6174 1.80497 0.117266 0.00435816
SLC_Andean 36 6174 1.80724 0.116784 0.00434918
SLC_Andean 37 6174 1.80941 0.116314 0.00434042
SLC_Andean 38 6174 1.81149 0.115856 0.00433187
SLC_Andean 39 6174 1.81347 0.115411 0.00432354
SLC_Andean 40 6174 1.81536 0.114977 0.00431541
SLC_Andean 41 6174 1.81718 0.114556 0.0043075
SLC_Andean 42 6174 1.81893 0.114145 0.00429978
SLC_Andean 43 6174 1.8206 0.113747 0.00429226
SLC_Andean 44 6174 1.82221 0.113359 0.00428493
SLC_Andean 45 6174 1.82376 0.112981 0.00427779
SLC_Andean 46 6174 1.82526 0.112614 0.00427084
SLC_Andean 47 6174 1.8267 0.112258 0.00426407
SLC_Andean 48 6174 1.82809 0.111911 0.00425748
SLC_Andean 49 6174 1.82943 0.111573 0.00425106
SLC_Andean 50 6174 1.83072 0.111245 0.0042448
SLC_Andean 51 6174 1.83198 0.110927 0.00423872
SLC_Andean 52 6174 1.83319 0.110617 0.00423279
SLC_Andean 53 6174 1.83437 0.110315 0.00422702
SLC_Andean 54 6174 1.83551 0.110022 0.0042214
SLC_Andean 55 6174 1.83661 0.109737 0.00421594
SLC_Andean 56 6174 1.83768 0.109461 0.00421061
SLC_Andean 57 6174 1.83872 0.109191 0.00420544
SLC_Andean 58 6174 1.83973 0.10893 0.00420039
SLC_Andean 59 6174 1.84072 0.108676 0.00419549
SLC_Andean 60 6174 1.84167 0.108428 0.00419072
SLC_Andean 61 6174 1.8426 0.108188 0.00418607
SLC_Andean 62 6174 1.8435 0.107955 0.00418155
SLC_Andean 63 6174 1.84439 0.107728 0.00417716
SLC_Andean 64 6174 1.84524 0.107507 0.00417288
SLC_Andean 65 6174 1.84608 0.107293 0.00416872
SLC_Andean 66 6174 1.8469 0.107085 0.00416467
SLC_Andean 67 6174 1.84769 0.106883 0.00416074
SLC_Andean 68 6174 1.84847 0.106686 0.00415691
SLC_Andean 69 6174 1.84922 0.106495 0.00415319
SLC_Andean 70 6174 1.84996 0.10631 0.00414958
SLC_Andean 71 6174 1.85069 0.10613 0.00414606
SLC_Andean 72 6174 1.85139 0.105955 0.00414264
SLC_Andean 73 6174 1.85208 0.105785 0.00413932
SLC_Andean 74 6174 1.85276 0.10562 0.00413609
SLC_Andean 75 6174 1.85342 0.10546 0.00413295
SLC_Andean 76 6174 1.85407 0.105305 0.00412991
SLC_Andean 77 6174 1.8547 0.105154 0.00412695
SLC_Andean 78 6174 1.85532 0.105007 0.00412407
SLC_Andean 79 6174 1.85592 0.104865 0.00412128
SLC_Andean 80 6174 1.85652 0.104727 0.00411857
SLC_Andean 81 6174 1.8571 0.104593 0.00411594
SLC_Andean 82 6174 1.85767 0.104464 0.00411338
SLC_Andean 83 6174 1.85823 0.104338 0.0041109
SLC_Andean 84 6174 1.85877 0.104216 0.0041085
SLC_Andean 85 6174 1.85931 0.104097 0.00410617
SLC_Andean 86 6174 1.85983 0.103983 0.00410391
SLC_Andean 87 6174 1.86035 0.103872 0.00410171
SLC_Andean 88 6174 1.86086 0.103764 0.00409959
SLC_Andean 89 6174 1.86135 0.10366 0.00409753
SLC_Andean 90 6174 1.86184 0.103559 0.00409553
SLC_Andean 91 6174 1.86232 0.103461 0.0040936
SLC_Andean 92 6174 1.86279 0.103366 0.00409172
SLC_Andean 93 6174 1.86325 0.103275 0.00408991
SLC_Andean 94 6174 1.8637 0.103186 0.00408816
SLC_Andean 95 6174 1.86415 0.103101 0.00408646
SLC_Andean 96 6174 1.86458 0.103018 0.00408482
SLC_Andean 97 6174 1.86501 0.102938 0.00408323
SLC_Andean 98 6174 1.86544 0.10286 0.0040817
SLC_Andean 99 6174 1.86585 0.102786 0.00408021
SLC_Andean 100 6174 1.86626 0.102714 0.00407878
SLC_Andean 101 6174 1.86666 0.102644 0.0040774
SLC_Andean 102 6174 1.86705 0.102577 0.00407607
SLC_Andean 103 6174 1.86744 0.102512 0.00407478
SLC_Andean 104 6174 1.86782 0.10245 0.00407354
SLC_Andean 105 6174 1.86819 0.10239 0.00407235
SLC_Andean 106 6174 1.86856 0.102332 0.0040712
SLC_Andean 107 6174 1.86892 0.102276 0.00407009
SLC_Andean 108 6174 1.86928 0.102223 0.00406902
SLC_Andean 109 6174 1.86963 0.102171 0.004068
SLC_Andean 110 6174 1.86997 0.102122 0.00406701
SLC_Andean 111 6174 1.87031 0.102074 0.00406607
SLC_Andean 112 6174 1.87064 0.102029 0.00406516
SLC_Andean 113 6174 1.87097 0.101985 0.00406429
SLC_Andean 114 6174 1.87129 0.101943 0.00406346
SLC_Andean 115 6174 1.87161 0.101903 0.00406266
SLC_Andean 116 6174 1.87192 0.101865 0.0040619
SLC_Andean 117 6174 1.87223 0.101829 0.00406117
SLC_Andean 118 6174 1.87253 0.101794 0.00406048
SLC_Andean 119 6174 1.87283 0.10176 0.00405981
SLC_Andean 120 6174 1.87312 0.101729 0.00405918
SLC_Andean 121 6174 1.87341 0.101699 0.00405858
SLC_Andean 122 6174 1.8737 0.10167 0.00405801
SLC_Andean 123 6174 1.87398 0.101643 0.00405747
SLC_Andean 124 6174 1.87425 0.101617 0.00405695
SLC_Andean 125 6174 1.87452 0.101593 0.00405647
SLC_Andean 126 6174 1.87479 0.10157 0.00405601
SLC_Andean 127 6174 1.87505 0.101548 0.00405558
SLC_Andean 128 6174 1.87531 0.101528 0.00405518
SLC_Andean 129 6174 1.87556 0.101509 0.0040548
SLC_Andean 130 6174 1.87581 0.101491 0.00405444
SLC_Andean 131 6174 1.87606 0.101475 0.00405411
SLC_Andean 132 6174 1.8763 0.101459 0.0040538
SLC_Andean 133 6174 1.87654 0.101445 0.00405351
SLC_Andean 134 6174 1.87678 0.101432 0.00405325
SLC_Andean 135 6174 1.87701 0.10142 0.00405301
SLC_Andean 136 6174 1.87724 0.101409 0.00405279
SLC_Andean 137 6174 1.87746 0.101399 0.00405259
SLC_Andean 138 6174 1.87769 0.10139 0.00405241
SLC_Andean 139 6174 1.8779 0.101382 0.00405225
SLC_Andean 140 6174 1.87812 0.101375 0.00405211
SLC_Andean 141 6174 1.87833 0.101368 0.00405199
SLC_Andean 142 6174 1.87854 0.101363 0.00405188
SLC_Andean 143 6174 1.87874 0.101359 0.0040518
SLC_Andean 144 6174 1.87894 0.101355 0.00405173
SLC_Andean 145 6174 1.87914 0.101353 0.00405167
SLC_Andean 146 6174 1.87933 0.101351 0.00405164
SLC_Andean 147 6174 1.87953 0.10135 0.00405162
SLC_Andean 148 6174 1.87972 0.10135 0.00405161
SLC_Andean 149 6174 1.8799 0.10135 0.00405162
SLC_Andean 150 6174 1.88008 0.101351 0.00405164
SLC_Andean 151 6174 1.88026 0.101353 0.00405168
SLC_Andean 152 6174 1.88044 0.101356 0.00405174
SLC_Andean 153 6174 1.88062 0.101359 0.0040518
SLC_Andean 154 6174 1.88079 0.101363 0.00405188
SLC_Andean 155 6174 1.88096 0.101368 0.00405198
SLC_Andean 156 6174 1.88112 0.101373 0.00405208
SLC_Andean 157 6174 1.88128 0.101379 0.0040522
SLC_Andean 158 6174 1.88144 0.101386 0.00405233
SLC_Andean 159 6174 1.8816 0.101393 0.00405247
SLC_Andean 160 6174 1.88176 0.1014 0.00405262
SLC_Andean 161 6174 1.88191 0.101409 0.00405279
SLC_Andean 162 6174 1.88206 0.101417 0.00405296
SLC_Andean 163 6174 1.88221 0.101427 0.00405315
SLC_Andean 164 6174 1.88235 0.101437 0.00405335
SLC_Andean 165 6174 1.88249 0.101447 0.00405356
SLC_Andean 166 6174 1.88263 0.101458 0.00405377
SLC_Andean 167 6174 1.88277 0.101469 0.004054
SLC_Andean 168 6174 1.8829 0.101481 0.00405424
SLC_Andean 169 6174 1.88303 0.101493 0.00405448
SLC_Andean 170 6174 1.88316 0.101506 0.00405474

SLC_non_Andean 2 6174 1.1361 0.0265276 0.00207284
SLC_non_Andean 3 6174 1.20415 0.059687 0.00310926
SLC_non_Andean 4 6174 1.24985 0.0830472 0.00366758
SLC_non_Andean 5 6174 1.28438 0.098464 0.00399352
SLC_non_Andean 6 6174 1.31229 0.108785 0.00419759
SLC_non_Andean 7 6174 1.33588 0.115918 0.00433303
SLC_non_Andean 8 6174 1.35642 0.121016 0.00442728
SLC_non_Andean 9 6174 1.37469 0.124773 0.00449549
SLC_non_Andean 10 6174 1.3912 0.127619 0.00454647
SLC_non_Andean 11 6174 1.4063 0.129829 0.00458566
SLC_non_Andean 12 6174 1.42023 0.131583 0.00461654
SLC_non_Andean 13 6174 1.43318 0.133004 0.0046414
SLC_non_Andean 14 6174 1.4453 0.134177 0.00466183
SLC_non_Andean 15 6174 1.45667 0.135162 0.0046789
SLC_non_Andean 16 6174 1.4674 0.136002 0.00469341
SLC_non_Andean 17 6174 1.47755 0.136727 0.00470592
SLC_non_Andean 18 6174 1.48718 0.137362 0.00471683
SLC_non_Andean 19 6174 1.49634 0.137923 0.00472646
SLC_non_Andean 20 6174 1.50506 0.138425 0.00473503
SLC_non_Andean 21 6174 1.5134 0.138875 0.00474274
SLC_non_Andean 22 6174 1.52136 0.139283 0.0047497
SLC_non_Andean 23 6174 1.52899 0.139654 0.00475602
SLC_non_Andean 24 6174 1.5363 0.139993 0.00476179
SLC_non_Andean 25 6174 1.54332 0.140304 0.00476708
SLC_non_Andean 26 6174 1.55007 0.14059 0.00477193
SLC_non_Andean 27 6174 1.55656 0.140853 0.00477638
SLC_non_Andean 28 6174 1.56281 0.141094 0.00478048
SLC_non_Andean 29 6174 1.56883 0.141317 0.00478425
SLC_non_Andean 30 6174 1.57463 0.141522 0.00478772
SLC_non_Andean 31 6174 1.58023 0.14171 0.0047909
SLC_non_Andean 32 6174 1.58564 0.141883 0.00479381
SLC_non_Andean 33 6174 1.59087 0.14204 0.00479648
SLC_non_Andean 34 6174 1.59592 0.142184 0.00479891
SLC_non_Andean 35 6174 1.60081 0.142315 0.00480112
SLC_non_Andean 36 6174 1.60554 0.142433 0.00480311
SLC_non_Andean 37 6174 1.61012 0.14254 0.0048049
SLC_non_Andean 38 6174 1.61456 0.142635 0.00480651
SLC_non_Andean 39 6174 1.61887 0.142719 0.00480793
SLC_non_Andean 40 6174 1.62304 0.142793 0.00480917
SLC_non_Andean 41 6174 1.6271 0.142857 0.00481025
SLC_non_Andean 42 6174 1.63103 0.142912 0.00481118
SLC_non_Andean 43 6174 1.63485 0.142958 0.00481195
SLC_non_Andean 44 6174 1.63856 0.142995 0.00481258
SLC_non_Andean 45 6174 1.64216 0.143025 0.00481307
SLC_non_Andean 46 6174 1.64567 0.143046 0.00481343
SLC_non_Andean 47 6174 1.64908 0.14306 0.00481367
SLC_non_Andean 48 6174 1.65239 0.143067 0.00481379
SLC_non_Andean 49 6174 1.65562 0.143068 0.0048138
SLC_non_Andean 50 6174 1.65877 0.143062 0.0048137
SLC_non_Andean 51 6174 1.66183 0.143051 0.00481351
SLC_non_Andean 52 6174 1.66481 0.143033 0.00481321
SLC_non_Andean 53 6174 1.66772 0.14301 0.00481283
SLC_non_Andean 54 6174 1.67055 0.142983 0.00481236
SLC_non_Andean 55 6174 1.67331 0.14295 0.00481181
SLC_non_Andean 56 6174 1.67601 0.142913 0.00481119
SLC_non_Andean 57 6174 1.67864 0.142872 0.00481049
SLC_non_Andean 58 6174 1.6812 0.142826 0.00480973
SLC_non_Andean 59 6174 1.68371 0.142777 0.00480891
SLC_non_Andean 60 6174 1.68616 0.142725 0.00480802
SLC_non_Andean 61 6174 1.68855 0.142669 0.00480708
SLC_non_Andean 62 6174 1.69088 0.14261 0.00480609
SLC_non_Andean 63 6174 1.69316 0.142548 0.00480505
SLC_non_Andean 64 6174 1.69539 0.142484 0.00480396
SLC_non_Andean 65 6174 1.69758 0.142417 0.00480284
SLC_non_Andean 66 6174 1.69971 0.142348 0.00480167
SLC_non_Andean 67 6174 1.7018 0.142277 0.00480047
SLC_non_Andean 68 6174 1.70384 0.142204 0.00479924
SLC_non_Andean 69 6174 1.70584 0.142129 0.00479798
SLC_non_Andean 70 6174 1.70779 0.142053 0.00479669
SLC_non_Andean 71 6174 1.70971 0.141975 0.00479538
SLC_non_Andean 72 6174 1.71159 0.141896 0.00479404
SLC_non_Andean 73 6174 1.71342 0.141816 0.00479269
SLC_non_Andean 74 6174 1.71522 0.141735 0.00479131
SLC_non_Andean 75 6174 1.71699 0.141652 0.00478992
SLC_non_Andean 76 6174 1.71872 0.141569 0.00478852
SLC_non_Andean 77 6174 1.72041 0.141486 0.00478711
SLC_non_Andean 78 6174 1.72208 0.141402 0.00478569
SLC_non_Andean 79 6174 1.72371 0.141317 0.00478425
SLC_non_Andean 80 6174 1.72531 0.141232 0.00478282
SLC_non_Andean 81 6174 1.72688 0.141147 0.00478137
SLC_non_Andean 82 6174 1.72842 0.141062 0.00477993
SLC_non_Andean 83 6174 1.72993 0.140976 0.00477848
SLC_non_Andean 84 6174 1.73141 0.140891 0.00477703
SLC_non_Andean 85 6174 1.73287 0.140805 0.00477558
SLC_non_Andean 86 6174 1.7343 0.14072 0.00477414
SLC_non_Andean 87 6174 1.73571 0.140635 0.0047727
SLC_non_Andean 88 6174 1.73709 0.14055 0.00477126
SLC_non_Andean 89 6174 1.73844 0.140466 0.00476982
SLC_non_Andean 90 6174 1.73978 0.140382 0.0047684
SLC_non_Andean 91 6174 1.74109 0.140299 0.00476698
SLC_non_Andean 92 6174 1.74238 0.140216 0.00476557
SLC_non_Andean 93 6174 1.74364 0.140133 0.00476417
SLC_non_Andean 94 6174 1.74489 0.140051 0.00476278
SLC_non_Andean 95 6174 1.74611 0.13997 0.00476139
SLC_non_Andean 96 6174 1.74732 0.139889 0.00476002
SLC_non_Andean 97 6174 1.7485 0.13981 0.00475867
SLC_non_Andean 98 6174 1.74967 0.139731 0.00475732
SLC_non_Andean 99 6174 1.75081 0.139652 0.00475599
SLC_non_Andean 100 6174 1.75194 0.139575 0.00475467
SLC_non_Andean 101 6174 1.75306 0.139498 0.00475337
SLC_non_Andean 102 6174 1.75415 0.139423 0.00475208
SLC_non_Andean 103 6174 1.75523 0.139348 0.0047508
SLC_non_Andean 104 6174 1.75629 0.139274 0.00474955
SLC_non_Andean 105 6174 1.75733 0.139201 0.0047483
SLC_non_Andean 106 6174 1.75836 0.139129 0.00474708
SLC_non_Andean 107 6174 1.75937 0.139059 0.00474587
SLC_non_Andean 108 6174 1.76037 0.138989 0.00474467
SLC_non_Andean 109 6174 1.76136 0.13892 0.0047435
SLC_non_Andean 110 6174 1.76233 0.138852 0.00474234
SLC_non_Andean 111 6174 1.76328 0.138785 0.0047412
SLC_non_Andean 112 6174 1.76422 0.13872 0.00474008
SLC_non_Andean 113 6174 1.76515 0.138655 0.00473898
SLC_non_Andean 114 6174 1.76607 0.138592 0.00473789
SLC_non_Andean 115 6174 1.76697 0.138529 0.00473683
SLC_non_Andean 116 6174 1.76786 0.138468 0.00473578
SLC_non_Andean 117 6174 1.76874 0.138408 0.00473475
SLC_non_Andean 118 6174 1.7696 0.138349 0.00473374
SLC_non_Andean 119 6174 1.77046 0.138291 0.00473275
SLC_non_Andean 120 6174 1.7713 0.138234 0.00473178
SLC_non_Andean 121 6174 1.77213 0.138179 0.00473083
SLC_non_Andean 122 6174 1.77295 0.138124 0.0047299
SLC_non_Andean 123 6174 1.77376 0.138071 0.00472898
SLC_non_Andean 124 6174 1.77456 0.138019 0.00472809
SLC_non_Andean 125 6174 1.77535 0.137968 0.00472721
SLC_non_Andean 126 6174 1.77612 0.137918 0.00472636
SLC_non_Andean 127 6174 1.77689 0.137869 0.00472552
SLC_non_Andean 128 6174 1.77765 0.137821 0.00472471
SLC_non_Andean 129 6174 1.7784 0.137775 0.00472391
SLC_non_Andean 130 6174 1.77914 0.13773 0.00472314
SLC_non_Andean 131 6174 1.77987 0.137685 0.00472238
SLC_non_Andean 132 6174 1.78059 0.137642 0.00472164
SLC_non_Andean 133 6174 1.7813 0.137601 0.00472092
SLC_non_Andean 134 6174 1.782 0.13756 0.00472022
SLC_non_Andean 135 6174 1.7827 0.13752 0.00471954
SLC_non_Andean 136 6174 1.78338 0.137482 0.00471888
SLC_non_Andean 137 6174 1.78406 0.137444 0.00471824
SLC_non_Andean 138 6174 1.78473 0.137408 0.00471762
SLC_non_Andean 139 6174 1.78539 0.137373 0.00471701
SLC_non_Andean 140 6174 1.78605 0.137339 0.00471643
SLC_non_Andean 141 6174 1.78669 0.137306 0.00471586
SLC_non_Andean 142 6174 1.78733 0.137274 0.00471531
SLC_non_Andean 143 6174 1.78796 0.137243 0.00471478
SLC_non_Andean 144 6174 1.78859 0.137213 0.00471427
SLC_non_Andean 145 6174 1.7892 0.137185 0.00471378
SLC_non_Andean 146 6174 1.78981 0.137157 0.00471331
SLC_non_Andean 147 6174 1.79042 0.137131 0.00471285
SLC_non_Andean 148 6174 1.79101 0.137105 0.00471242
SLC_non_Andean 149 6174 1.7916 0.137081 0.004712
SLC_non_Andean 150 6174 1.79218 0.137057 0.00471159
SLC_non_Andean 151 6174 1.79276 0.137035 0.00471121
SLC_non_Andean 152 6174 1.79333 0.137014 0.00471084
SLC_non_Andean 153 6174 1.79389 0.136993 0.0047105
SLC_non_Andean 154 6174 1.79445 0.136974 0.00471016
SLC_non_Andean 155 6174 1.795 0.136956 0.00470985
SLC_non_Andean 156 6174 1.79555 0.136939 0.00470955
SLC_non_Andean 157 6174 1.79609 0.136922 0.00470927
SLC_non_Andean 158 6174 1.79662 0.136907 0.00470901
SLC_non_Andean 159 6174 1.79715 0.136893 0.00470876
SLC_non_Andean 160 6174 1.79767 0.136879 0.00470853
SLC_non_Andean 161 6174 1.79819 0.136867 0.00470832
SLC_non_Andean 162 6174 1.7987 0.136855 0.00470812
SLC_non_Andean 163 6174 1.7992 0.136845 0.00470794
SLC_non_Andean 164 6174 1.7997 0.136835 0.00470778
SLC_non_Andean 165 6174 1.8002 0.136827 0.00470763
SLC_non_Andean 166 6174 1.80069 0.136819 0.00470749
SLC_non_Andean 167 6174 1.80117 0.136812 0.00470738
SLC_non_Andean 168 6174 1.80165 0.136806 0.00470727
SLC_non_Andean 169 6174 1.80213 0.136801 0.00470719
SLC_non_Andean 170 6174 1.8026 0.136797 0.00470712
SLC_non_Andean 171 6174 1.80306 0.136794 0.00470706
SLC_non_Andean 172 6174 1.80352 0.136791 0.00470702
SLC_non_Andean 173 6174 1.80398 0.13679 0.00470699
SLC_non_Andean 174 6174 1.80443 0.136789 0.00470698
SLC_non_Andean 175 6174 1.80488 0.136789 0.00470698
SLC_non_Andean 176 6174 1.80532 0.13679 0.004707
SLC_non_Andean 177 6174 1.80576 0.136792 0.00470703
SLC_non_Andean 178 6174 1.80619 0.136795 0.00470708
SLC_non_Andean 179 6174 1.80662 0.136798 0.00470714
SLC_non_Andean 180 6174 1.80704 0.136803 0.00470721
SLC_non_Andean 181 6174 1.80746 0.136808 0.0047073
SLC_non_Andean 182 6174 1.80788 0.136814 0.0047074
SLC_non_Andean 183 6174 1.80829 0.13682 0.00470752
SLC_non_Andean 184 6174 1.8087 0.136828 0.00470765
SLC_non_Andean 185 6174 1.8091 0.136836 0.00470779
SLC_non_Andean 186 6174 1.8095 0.136845 0.00470795
SLC_non_Andean 187 6174 1.8099 0.136855 0.00470811
SLC_non_Andean 188 6174 1.81029 0.136866 0.0047083
SLC_non_Andean 189 6174 1.81068 0.136877 0.00470849
SLC_non_Andean 190 6174 1.81107 0.136889 0.0047087
SLC_non_Andean 191 6174 1.81145 0.136902 0.00470892
SLC_non_Andean 192 6174 1.81183 0.136915 0.00470915
SLC_non_Andean 193 6174 1.8122 0.13693 0.0047094
SLC_non_Andean 194 6174 1.81257 0.136945 0.00470965
SLC_non_Andean 195 6174 1.81294 0.13696 0.00470992
SLC_non_Andean 196 6174 1.8133 0.136977 0.00471021
SLC_non_Andean 197 6174 1.81366 0.136994 0.0047105
SLC_non_Andean 198 6174 1.81402 0.137012 0.00471081
SLC_non_Andean 199 6174 1.81437 0.13703 0.00471113
SLC_non_Andean 200 6174 1.81472 0.137049 0.00471146
SLC_non_Andean 201 6174 1.81507 0.137069 0.0047118
SLC_non_Andean 202 6174 1.81541 0.13709 0.00471215
SLC_non_Andean 203 6174 1.81575 0.137111 0.00471252
SLC_non_Andean 204 6174 1.81609 0.137133 0.00471289
SLC_non_Andean 205 6174 1.81642 0.137156 0.00471328
SLC_non_Andean 206 6174 1.81675 0.137179 0.00471368
SLC_non_Andean 207 6174 1.81708 0.137203 0.00471409
SLC_non_Andean 208 6174 1.8174 0.137227 0.00471451
SLC_non_Andean 209 6174 1.81772 0.137253 0.00471495
SLC_non_Andean 210 6174 1.81804 0.137278 0.00471539
SLC_non_Andean 211 6174 1.81836 0.137305 0.00471585
SLC_non_Andean 212 6174 1.81867 0.137332 0.00471631
SLC_non_Andean 213 6174 1.81898 0.13736 0.00471679
SLC_non_Andean 214 6174 1.81929 0.137388 0.00471728
SLC_non_Andean 215 6174 1.81959 0.137417 0.00471777
SLC_non_Andean 216 6174 1.81989 0.137447 0.00471828
SLC_non_Andean 217 6174 1.82019 0.137477 0.0047188
SLC_non_Andean 218 6174 1.82048 0.137508 0.00471933
SLC_non_Andean 219 6174 1.82078 0.137539 0.00471987
SLC_non_Andean 220 6174 1.82107 0.137572 0.00472042
SLC_non_Andean 221 6174 1.82135 0.137604 0.00472099
SLC_non_Andean 222 6174 1.82164 0.137638 0.00472156
SLC_non_Andean 223 6174 1.82192 0.137672 0.00472214
SLC_non_Andean 224 6174 1.8222 0.137706 0.00472273
SLC_non_Andean 225 6174 1.82247 0.137741 0.00472334
SLC_non_Andean 226 6174 1.82275 0.137777 0.00472395
SLC_non_Andean 227 6174 1.82302 0.137813 0.00472457
SLC_non_Andean 228 6174 1.82329 0.13785 0.0047252
SLC_non_Andean 229 6174 1.82355 0.137888 0.00472585
SLC_non_Andean 230 6174 1.82382 0.137926 0.0047265
SLC_non_Andean 231 6174 1.82408 0.137965 0.00472717
SLC_non_Andean 232 6174 1.82434 0.138004 0.00472784
SLC_non_Andean 233 6174 1.8246 0.138044 0.00472852
SLC_non_Andean 234 6174 1.82485 0.138085 0.00472922
SLC_non_Andean 235 6174 1.8251 0.138126 0.00472992
SLC_non_Andean 236 6174 1.82535 0.138168 0.00473064
SLC_non_Andean 237 6174 1.8256 0.13821 0.00473136
SLC_non_Andean 238 6174 1.82584 0.138253 0.0047321
SLC_non_Andean 239 6174 1.82609 0.138296 0.00473284
SLC_non_Andean 240 6174 1.82633 0.13834 0.0047336
SLC_non_Andean 241 6174 1.82656 0.138385 0.00473436
SLC_non_Andean 242 6174 1.8268 0.13843 0.00473514

SLL_vintage 2 6174 1.09892 0.0269714 0.00209011
SLL_vintage 3 6174 1.14837 0.0606856 0.00313516
SLL_vintage 4 6174 1.17954 0.0853278 0.00371759
SLL_vintage 5 6174 1.20155 0.102458 0.00407371
SLL_vintage 6 6174 1.2183 0.11465 0.00430927
SLL_vintage 7 6174 1.23172 0.123661 0.00447541
SLL_vintage 8 6174 1.2429 0.130568 0.0045987
SLL_vintage 9 6174 1.25247 0.136031 0.00469391
SLL_vintage 10 6174 1.26086 0.140464 0.00476979
SLL_vintage 11 6174 1.26834 0.144139 0.00483178
SLL_vintage 12 6174 1.2751 0.14724 0.00488347
SLL_vintage 13 6174 1.28127 0.149895 0.00492731
SLL_vintage 14 6174 1.28697 0.152197 0.004965
SLL_vintage 15 6174 1.29227 0.154215 0.00499781
SLL_vintage 16 6174 1.29722 0.156001 0.00502666
SLL_vintage 17 6174 1.30188 0.157594 0.00505227
SLL_vintage 18 6174 1.30629 0.159026 0.00507517
SLL_vintage 19 6174 1.31047 0.160322 0.00509581
SLL_vintage 20 6174 1.31446 0.161502 0.00511453
SLL_vintage 21 6174 1.31826 0.162582 0.0051316
SLL_vintage 22 6174 1.32191 0.163575 0.00514725
SLL_vintage 23 6174 1.32542 0.164494 0.00516168
SLL_vintage 24 6174 1.32879 0.165346 0.00517504
SLL_vintage 25 6174 1.33205 0.16614 0.00518745
SLL_vintage 26 6174 1.33519 0.166883 0.00519904
SLL_vintage 27 6174 1.33824 0.16758 0.00520989
SLL_vintage 28 6174 1.34119 0.168237 0.00522008
SLL_vintage 29 6174 1.34406 0.168857 0.00522969
SLL_vintage 30 6174 1.34685 0.169444 0.00523877
SLL_vintage 31 6174 1.34956 0.170001 0.00524738
SLL_vintage 32 6174 1.3522 0.170532 0.00525556
SLL_vintage 33 6174 1.35478 0.171038 0.00526336
SLL_vintage 34 6174 1.3573 0.171522 0.0052708
SLL_vintage 35 6174 1.35975 0.171986 0.00527792
SLL_vintage 36 6174 1.36216 0.172431 0.00528475
SLL_vintage 37 6174 1.36451 0.17286 0.00529132
SLL_vintage 38 6174 1.36681 0.173273 0.00529764
SLL_vintage 39 6174 1.36906 0.173672 0.00530374
SLL_vintage 40 6174 1.37127 0.174058 0.00530963
SLL_vintage 41 6174 1.37344 0.174433 0.00531533
SLL_vintage 42 6174 1.37556 0.174796 0.00532086
SLL_vintage 43 6174 1.37765 0.175149 0.00532623
SLL_vintage 44 6174 1.3797 0.175493 0.00533146
SLL_vintage 45 6174 1.38172 0.175828 0.00533655
SLL_vintage 46 6174 1.3837 0.176155 0.00534151
SLL_vintage 47 6174 1.38564 0.176475 0.00534636
SLL_vintage 48 6174 1.38756 0.176788 0.00535111
SLL_vintage 49 6174 1.38945 0.177096 0.00535575
SLL_vintage 50 6174 1.3913 0.177397 0.00536031
SLL_vintage 51 6174 1.39313 0.177693 0.00536478
SLL_vintage 52 6174 1.39493 0.177985 0.00536918
SLL_vintage 53 6174 1.39671 0.178272 0.00537351
SLL_vintage 54 6174 1.39846 0.178555 0.00537778
SLL_vintage 55 6174 1.40018 0.178835 0.00538198
SLL_vintage 56 6174 1.40188 0.179111 0.00538614
SLL_vintage 57 6174 1.40356 0.179384 0.00539024
SLL_vintage 58 6174 1.40522 0.179654 0.0053943
SLL_vintage 59 6174 1.40685 0.179922 0.00539832
SLL_vintage 60 6174 1.40847 0.180187 0.0054023
SLL_vintage 61 6174 1.41006 0.180451 0.00540625
SLL_vintage 62 6174 1.41163 0.180712 0.00541017
SLL_vintage 63 6174 1.41319 0.180972 0.00541405
SLL_vintage 64 6174 1.41472 0.181231 0.00541792
SLL_vintage 65 6174 1.41624 0.181488 0.00542176
SLL_vintage 66 6174 1.41774 0.181744 0.00542559
SLL_vintage 67 6174 1.41922 0.181999 0.00542939
SLL_vintage 68 6174 1.42069 0.182253 0.00543319
SLL_vintage 69 6174 1.42214 0.182507 0.00543696
SLL_vintage 70 6174 1.42357 0.18276 0.00544073
SLL_vintage 71 6174 1.42499 0.183013 0.00544449
SLL_vintage 72 6174 1.42639 0.183265 0.00544824
SLL_vintage 73 6174 1.42778 0.183517 0.00545198
SLL_vintage 74 6174 1.42915 0.183768 0.00545572
SLL_vintage 75 6174 1.43051 0.18402 0.00545945
SLL_vintage 76 6174 1.43185 0.184271 0.00546318
SLL_vintage 77 6174 1.43318 0.184523 0.00546691
SLL_vintage 78 6174 1.4345 0.184775 0.00547064
SLL_vintage 79 6174 1.43581 0.185027 0.00547437
SLL_vintage 80 6174 1.4371 0.185279 0.0054781
SLL_vintage 81 6174 1.43838 0.185531 0.00548183
SLL_vintage 82 6174 1.43964 0.185784 0.00548556
SLL_vintage 83 6174 1.4409 0.186037 0.00548929
SLL_vintage 84 6174 1.44214 0.18629 0.00549303
SLL_vintage 85 6174 1.44337 0.186544 0.00549677
SLL_vintage 86 6174 1.44459 0.186799 0.00550052
SLL_vintage 87 6174 1.4458 0.187054 0.00550427
SLL_vintage 88 6174 1.447 0.187309 0.00550803
SLL_vintage 89 6174 1.44818 0.187565 0.00551179
SLL_vintage 90 6174 1.44936 0.187821 0.00551556
SLL_vintage 91 6174 1.45053 0.188079 0.00551933
SLL_vintage 92 6174 1.45168 0.188336 0.00552311
SLL_vintage 93 6174 1.45283 0.188594 0.00552689
SLL_vintage 94 6174 1.45396 0.188853 0.00553069
SLL_vintage 95 6174 1.45509 0.189113 0.00553448
SLL_vintage 96 6174 1.4562 0.189373 0.00553829
SLL_vintage 97 6174 1.45731 0.189634 0.0055421
SLL_vintage 98 6174 1.45841 0.189895 0.00554592
SLL_vintage 99 6174 1.45949 0.190157 0.00554974
SLL_vintage 100 6174 1.46057 0.19042 0.00555357
SLL_vintage 101 6174 1.46164 0.190683 0.00555741
SLL_vintage 102 6174 1.4627 0.190947 0.00556125
SLL_vintage 103 6174 1.46376 0.191211 0.0055651
SLL_vintage 104 6174 1.4648 0.191476 0.00556896
SLL_vintage 105 6174 1.46583 0.191742 0.00557282
SLL_vintage 106 6174 1.46686 0.192008 0.00557669
SLL_vintage 107 6174 1.46788 0.192275 0.00558057
SLL_vintage 108 6174 1.46889 0.192543 0.00558445
SLL_vintage 109 6174 1.46989 0.192811 0.00558833
SLL_vintage 110 6174 1.47089 0.193079 0.00559223
SLL_vintage 111 6174 1.47188 0.193349 0.00559612
SLL_vintage 112 6174 1.47285 0.193618 0.00560002
SLL_vintage 113 6174 1.47383 0.193889 0.00560393
SLL_vintage 114 6174 1.47479 0.194159 0.00560784
SLL_vintage 115 6174 1.47575 0.194431 0.00561176
SLL_vintage 116 6174 1.4767 0.194702 0.00561568
SLL_vintage 117 6174 1.47764 0.194975 0.0056196
SLL_vintage 118 6174 1.47857 0.195247 0.00562353
SLL_vintage 119 6174 1.4795 0.19552 0.00562746
SLL_vintage 120 6174 1.48042 0.195794 0.0056314
SLL_vintage 121 6174 1.48134 0.196068 0.00563534
SLL_vintage 122 6174 1.48224 0.196342 0.00563928
SLL_vintage 123 6174 1.48314 0.196617 0.00564323
SLL_vintage 124 6174 1.48404 0.196892 0.00564717
SLL_vintage 125 6174 1.48492 0.197168 0.00565112
SLL_vintage 126 6174 1.4858 0.197444 0.00565508
SLL_vintage 127 6174 1.48668 0.19772 0.00565903
SLL_vintage 128 6174 1.48755 0.197996 0.00566299
SLL_vintage 129 6174 1.48841 0.198273 0.00566694
SLL_vintage 130 6174 1.48926 0.19855 0.0056709
SLL_vintage 131 6174 1.49011 0.198828 0.00567486
SLL_vintage 132 6174 1.49095 0.199105 0.00567882
SLL_vintage 133 6174 1.49179 0.199383 0.00568278
SLL_vintage 134 6174 1.49262 0.199661 0.00568674
SLL_vintage 135 6174 1.49344 0.199939 0.0056907
SLL_vintage 136 6174 1.49426 0.200218 0.00569466
SLL_vintage 137 6174 1.49507 0.200496 0.00569862
SLL_vintage 138 6174 1.49588 0.200775 0.00570258
SLL_vintage 139 6174 1.49668 0.201054 0.00570654
SLL_vintage 140 6174 1.49748 0.201333 0.0057105
SLL_vintage 141 6174 1.49827 0.201612 0.00571445
SLL_vintage 142 6174 1.49905 0.201891 0.00571841
SLL_vintage 143 6174 1.49983 0.20217 0.00572236
SLL_vintage 144 6174 1.5006 0.202449 0.00572631
SLL_vintage 145 6174 1.50137 0.202729 0.00573026
SLL_vintage 146 6174 1.50213 0.203008 0.00573421
SLL_vintage 147 6174 1.50289 0.203287 0.00573815
SLL_vintage 148 6174 1.50364 0.203567 0.00574209
SLL_vintage 149 6174 1.50438 0.203846 0.00574603
SLL_vintage 150 6174 1.50512 0.204125 0.00574996
SLL_vintage 151 6174 1.50586 0.204404 0.00575389
SLL_vintage 152 6174 1.50659 0.204683 0.00575782
SLL_vintage 153 6174 1.50731 0.204962 0.00576174
SLL_vintage 154 6174 1.50803 0.205241 0.00576566
SLL_vintage 155 6174 1.50875 0.20552 0.00576958
SLL_vintage 156 6174 1.50946 0.205799 0.00577349
SLL_vintage 157 6174 1.51016 0.206077 0.00577739
SLL_vintage 158 6174 1.51086 0.206356 0.00578129
SLL_vintage 159 6174 1.51156 0.206634 0.00578519
SLL_vintage 160 6174 1.51225 0.206912 0.00578908
SLL_vintage 161 6174 1.51293 0.20719 0.00579297
SLL_vintage 162 6174 1.51362 0.207467 0.00579685
SLL_vintage 163 6174 1.51429 0.207745 0.00580072
SLL_vintage 164 6174 1.51496 0.208022 0.00580459
SLL_vintage 165 6174 1.51563 0.208299 0.00580845
SLL_vintage 166 6174 1.51629 0.208576 0.0058123
SLL_vintage 167 6174 1.51695 0.208852 0.00581615
SLL_vintage 168 6174 1.5176 0.209128 0.00582
SLL_vintage 169 6174 1.51825 0.209404 0.00582383
SLL_vintage 170 6174 1.51889 0.209679 0.00582766
SLL_vintage 171 6174 1.51953 0.209954 0.00583148
SLL_vintage 172 6174 1.52017 0.210229 0.0058353
SLL_vintage 173 6174 1.5208 0.210503 0.0058391
SLL_vintage 174 6174 1.52143 0.210777 0.0058429
SLL_vintage 175 6174 1.52205 0.211051 0.00584669
SLL_vintage 176 6174 1.52267 0.211324 0.00585048
SLL_vintage 177 6174 1.52328 0.211597 0.00585425
SLL_vintage 178 6174 1.52389 0.211869 0.00585802
SLL_vintage 179 6174 1.52449 0.212141 0.00586178
SLL_vintage 180 6174 1.52509 0.212413 0.00586553
SLL_vintage 181 6174 1.52569 0.212684 0.00586927
SLL_vintage 182 6174 1.52628 0.212955 0.005873
SLL_vintage 183 6174 1.52687 0.213225 0.00587673
SLL_vintage 184 6174 1.52746 0.213495 0.00588044
SLL_vintage 185 6174 1.52804 0.213764 0.00588415
SLL_vintage 186 6174 1.52861 0.214032 0.00588785
SLL_vintage 187 6174 1.52918 0.214301 0.00589153
SLL_vintage 188 6174 1.52975 0.214568 0.00589521
SLL_vintage 189 6174 1.53032 0.214835 0.00589888
SLL_vintage 190 6174 1.53088 0.215102 0.00590254
SLL_vintage 191 6174 1.53143 0.215368 0.00590619
SLL_vintage 192 6174 1.53199 0.215633 0.00590982
SLL_vintage 193 6174 1.53253 0.215898 0.00591345
SLL_vintage 194 6174 1.53308 0.216162 0.00591707
SLL_vintage 195 6174 1.53362 0.216426 0.00592068
SLL_vintage 196 6174 1.53416 0.216689 0.00592427
SLL_vintage 197 6174 1.53469 0.216951 0.00592786
SLL_vintage 198 6174 1.53522 0.217213 0.00593144
SLL_vintage 199 6174 1.53575 0.217474 0.005935
SLL_vintage 200 6174 1.53627 0.217735 0.00593855
SLL_vintage 201 6174 1.53679 0.217995 0.0059421
SLL_vintage 202 6174 1.5373 0.218254 0.00594563
SLL_vintage 203 6174 1.53782 0.218513 0.00594915
SLL_vintage 204 6174 1.53832 0.21877 0.00595266
SLL_vintage 205 6174 1.53883 0.219028 0.00595616
SLL_vintage 206 6174 1.53933 0.219284 0.00595964
SLL_vintage 207 6174 1.53983 0.21954 0.00596312
SLL_vintage 208 6174 1.54032 0.219795 0.00596658
SLL_vintage 209 6174 1.54081 0.220049 0.00597003
SLL_vintage 210 6174 1.5413 0.220303 0.00597347
SLL_vintage 211 6174 1.54178 0.220555 0.00597689
SLL_vintage 212 6174 1.54226 0.220808 0.00598031
SLL_vintage 213 6174 1.54274 0.221059 0.00598371
SLL_vintage 214 6174 1.54321 0.221309 0.0059871
SLL_vintage 215 6174 1.54368 0.221559 0.00599048
SLL_vintage 216 6174 1.54414 0.221808 0.00599385
SLL_vintage 217 6174 1.54461 0.222056 0.0059972
SLL_vintage 218 6174 1.54507 0.222304 0.00600054
SLL_vintage 219 6174 1.54552 0.222551 0.00600387
SLL_vintage 220 6174 1.54598 0.222796 0.00600718
SLL_vintage 221 6174 1.54643 0.223041 0.00601048
SLL_vintage 222 6174 1.54687 0.223286 0.00601377
SLL_vintage 223 6174 1.54732 0.223529 0.00601705
SLL_vintage 224 6174 1.54776 0.223771 0.00602031
SLL_vintage 225 6174 1.54819 0.224013 0.00602356
SLL_vintage 226 6174 1.54863 0.224254 0.0060268
SLL_vintage 227 6174 1.54906 0.224494 0.00603002
SLL_vintage 228 6174 1.54948 0.224733 0.00603323
SLL_vintage 229 6174 1.54991 0.224971 0.00603643
SLL_vintage 230 6174 1.55033 0.225209 0.00603961
SLL_vintage 231 6174 1.55075 0.225445 0.00604278
SLL_vintage 232 6174 1.55116 0.225681 0.00604594
SLL_vintage 233 6174 1.55157 0.225915 0.00604908
SLL_vintage 234 6174 1.55198 0.226149 0.00605221
SLL_vintage 235 6174 1.55239 0.226382 0.00605533
SLL_vintage 236 6174 1.55279 0.226614 0.00605843
SLL_vintage 237 6174 1.55319 0.226845 0.00606152
SLL_vintage 238 6174 1.55358 0.227075 0.00606459
SLL_vintage 239 6174 1.55398 0.227305 0.00606765
SLL_vintage 240 6174 1.55437 0.227533 0.0060707
SLL_vintage 241 6174 1.55475 0.22776 0.00607373
SLL_vintage 242 6174 1.55514 0.227987 0.00607675
SLL_vintage 243 6174 1.55552 0.228212 0.00607976
SLL_vintage 244 6174 1.5559 0.228437 0.00608275
SLL_vintage 245 6174 1.55628 0.22866 0.00608572
SLL_vintage 246 6174 1.55665 0.228883 0.00608868
SLL_vintage 247 6174 1.55702 0.229105 0.00609163
SLL_vintage 248 6174 1.55738 0.229325 0.00609456
SLL_vintage 249 6174 1.55775 0.229545 0.00609748
SLL_vintage 250 6174 1.55811 0.229764 0.00610039
SLL_vintage 251 6174 1.55847 0.229982 0.00610328
SLL_vintage 252 6174 1.55882 0.230198 0.00610615
SLL_vintage 253 6174 1.55918 0.230414 0.00610902
SLL_vintage 254 6174 1.55953 0.230629 0.00611186
SLL_vintage 255 6174 1.55987 0.230843 0.0061147
SLL_vintage 256 6174 1.56022 0.231056 0.00611751
SLL_vintage 257 6174 1.56056 0.231267 0.00612032
SLL_vintage 258 6174 1.5609 0.231478 0.00612311
SLL_vintage 259 6174 1.56123 0.231688 0.00612588
SLL_vintage 260 6174 1.56157 0.231897 0.00612864
SLL_vintage 261 6174 1.5619 0.232105 0.00613139
SLL_vintage 262 6174 1.56223 0.232311 0.00613412
SLL_vintage 263 6174 1.56255 0.232517 0.00613683
SLL_vintage 264 6174 1.56287 0.232722 0.00613953
SLL_vintage 265 6174 1.56319 0.232926 0.00614222
SLL_vintage 266 6174 1.56351 0.233128 0.00614489
SLL_vintage 267 6174 1.56383 0.23333 0.00614755
SLL_vintage 268 6174 1.56414 0.233531 0.00615019
SLL_vintage 269 6174 1.56445 0.23373 0.00615282
SLL_vintage 270 6174 1.56475 0.233929 0.00615543
SLL_vintage 271 6174 1.56506 0.234126 0.00615803
SLL_vintage 272 6174 1.56536 0.234323 0.00616061
SLL_vintage 273 6174 1.56566 0.234518 0.00616318
SLL_vintage 274 6174 1.56595 0.234713 0.00616574
SLL_vintage 275 6174 1.56625 0.234906 0.00616828
SLL_vintage 276 6174 1.56654 0.235098 0.0061708
SLL_vintage 277 6174 1.56683 0.23529 0.00617331
SLL_vintage 278 6174 1.56711 0.23548 0.00617581
SLL_vintage 279 6174 1.5674 0.235669 0.00617829
SLL_vintage 280 6174 1.56768 0.235857 0.00618075
SLL_vintage 281 6174 1.56796 0.236044 0.0061832
SLL_vintage 282 6174 1.56823 0.23623 0.00618564
SLL_vintage 283 6174 1.5685 0.236415 0.00618806
SLL_vintage 284 6174 1.56878 0.236599 0.00619047
SLL_vintage 285 6174 1.56904 0.236782 0.00619286
SLL_vintage 286 6174 1.56931 0.236964 0.00619524
SLL_vintage 287 6174 1.56957 0.237145 0.0061976
SLL_vintage 288 6174 1.56983 0.237325 0.00619995
SLL_vintage 289 6174 1.57009 0.237503 0.00620228
SLL_vintage 290 6174 1.57035 0.237681 0.0062046
SLL_vintage 291 6174 1.5706 0.237858 0.00620691
SLL_vintage 292 6174 1.57085 0.238033 0.0062092
SLL_vintage 293 6174 1.5711 0.238208 0.00621147
SLL_vintage 294 6174 1.57135 0.238381 0.00621374
SLL_vintage 295 6174 1.57159 0.238554 0.00621598
SLL_vintage 296 6174 1.57183 0.238725 0.00621822
SLL_vintage 297 6174 1.57207 0.238896 0.00622043
SLL_vintage 298 6174 1.57231 0.239065 0.00622264

SLL_fresh 2 6174 1.15885 0.0331775 0.00231813
SLL_fresh 3 6174 1.23827 0.0746494 0.0034772
SLL_fresh 4 6174 1.28874 0.104221 0.0041086
SLL_fresh 5 6174 1.32472 0.124146 0.00448418
SLL_fresh 6 6174 1.35226 0.13795 0.00472692
SLL_fresh 7 6174 1.37437 0.147964 0.00489547
SLL_fresh 8 6174 1.39275 0.155554 0.00501946
SLL_fresh 9 6174 1.40842 0.161521 0.00511483
SLL_fresh 10 6174 1.42202 0.16635 0.00519072
SLL_fresh 11 6174 1.43401 0.170346 0.0052527
SLL_fresh 12 6174 1.4447 0.173713 0.00530436
SLL_fresh 13 6174 1.45432 0.176592 0.00534814
SLL_fresh 14 6174 1.46305 0.179085 0.00538575
SLL_fresh 15 6174 1.47102 0.181266 0.00541844
SLL_fresh 16 6174 1.47834 0.183192 0.00544715
SLL_fresh 17 6174 1.48511 0.184906 0.00547258
SLL_fresh 18 6174 1.49138 0.186442 0.00549526
SLL_fresh 19 6174 1.49722 0.187828 0.00551565
SLL_fresh 20 6174 1.50268 0.189084 0.00553407
SLL_fresh 21 6174 1.50779 0.190229 0.00555079
SLL_fresh 22 6174 1.51261 0.191276 0.00556605
SLL_fresh 23 6174 1.51714 0.192238 0.00558003
SLL_fresh 24 6174 1.52143 0.193123 0.00559286
SLL_fresh 25 6174 1.52548 0.193941 0.00560469
SLL_fresh 26 6174 1.52934 0.194698 0.00561562
SLL_fresh 27 6174 1.533 0.1954 0.00562573
SLL_fresh 28 6174 1.53648 0.196052 0.00563511
SLL_fresh 29 6174 1.53981 0.19666 0.00564383
SLL_fresh 30 6174 1.54298 0.197226 0.00565195
SLL_fresh 31 6174 1.54602 0.197754 0.00565951
SLL_fresh 32 6174 1.54893 0.198247 0.00566657
SLL_fresh 33 6174 1.55172 0.198709 0.00567317
SLL_fresh 34 6174 1.5544 0.199142 0.00567935
SLL_fresh 35 6174 1.55698 0.199548 0.00568513
SLL_fresh 36 6174 1.55946 0.199929 0.00569056
SLL_fresh 37 6174 1.56185 0.200287 0.00569565
SLL_fresh 38 6174 1.56415 0.200625 0.00570044
SLL_fresh 39 6174 1.56637 0.200942 0.00570496
SLL_fresh 40 6174 1.56852 0.201242 0.00570921
SLL_fresh 41 6174 1.57059 0.201526 0.00571323
SLL_fresh 42 6174 1.5726 0.201794 0.00571703
SLL_fresh 43 6174 1.57454 0.202048 0.00572063
SLL_fresh 44 6174 1.57642 0.20229 0.00572405
SLL_fresh 45 6174 1.57825 0.202519 0.0057273
SLL_fresh 46 6174 1.58002 0.202738 0.00573039
SLL_fresh 47 6174 1.58174 0.202947 0.00573334
SLL_fresh 48 6174 1.58341 0.203146 0.00573616
SLL_fresh 49 6174 1.58504 0.203338 0.00573886
SLL_fresh 50 6174 1.58662 0.203522 0.00574146
SLL_fresh 51 6174 1.58816 0.203699 0.00574395
SLL_fresh 52 6174 1.58966 0.203869 0.00574636
SLL_fresh 53 6174 1.59112 0.204034 0.00574868
SLL_fresh 54 6174 1.59255 0.204194 0.00575093
SLL_fresh 55 6174 1.59394 0.204349 0.00575312
SLL_fresh 56 6174 1.5953 0.2045 0.00575524
SLL_fresh 57 6174 1.59662 0.204647 0.00575731
SLL_fresh 58 6174 1.59792 0.204791 0.00575934
SLL_fresh 59 6174 1.59918 0.204932 0.00576132
SLL_fresh 60 6174 1.60042 0.20507 0.00576326
SLL_fresh 61 6174 1.60163 0.205206 0.00576517
SLL_fresh 62 6174 1.60281 0.20534 0.00576705
SLL_fresh 63 6174 1.60398 0.205472 0.0057689
SLL_fresh 64 6174 1.60511 0.205603 0.00577073
SLL_fresh 65 6174 1.60623 0.205732 0.00577255
SLL_fresh 66 6174 1.60732 0.20586 0.00577435
SLL_fresh 67 6174 1.60839 0.205987 0.00577613
SLL_fresh 68 6174 1.60944 0.206114 0.0057779
SLL_fresh 69 6174 1.61047 0.20624 0.00577967
SLL_fresh 70 6174 1.61148 0.206365 0.00578142
SLL_fresh 71 6174 1.61247 0.20649 0.00578317
SLL_fresh 72 6174 1.61344 0.206615 0.00578492
SLL_fresh 73 6174 1.6144 0.20674 0.00578667
SLL_fresh 74 6174 1.61534 0.206865 0.00578842
SLL_fresh 75 6174 1.61626 0.206989 0.00579016
SLL_fresh 76 6174 1.61717 0.207114 0.00579191
SLL_fresh 77 6174 1.61807 0.20724 0.00579366
SLL_fresh 78 6174 1.61894 0.207365 0.00579541
SLL_fresh 79 6174 1.61981 0.207491 0.00579717
SLL_fresh 80 6174 1.62066 0.207617 0.00579893
SLL_fresh 81 6174 1.62149 0.207744 0.0058007
SLL_fresh 82 6174 1.62232 0.207871 0.00580247
SLL_fresh 83 6174 1.62313 0.207998 0.00580425
SLL_fresh 84 6174 1.62393 0.208126 0.00580604
SLL_fresh 85 6174 1.62471 0.208254 0.00580783
SLL_fresh 86 6174 1.62548 0.208383 0.00580963
SLL_fresh 87 6174 1.62625 0.208513 0.00581143
SLL_fresh 88 6174 1.627 0.208643 0.00581324
SLL_fresh 89 6174 1.62774 0.208773 0.00581506
SLL_fresh 90 6174 1.62847 0.208904 0.00581688
SLL_fresh 91 6174 1.62918 0.209036 0.00581871
SLL_fresh 92 6174 1.62989 0.209168 0.00582055
SLL_fresh 93 6174 1.63059 0.209301 0.0058224
SLL_fresh 94 6174 1.63128 0.209434 0.00582425
SLL_fresh 95 6174 1.63196 0.209567 0.00582611
SLL_fresh 96 6174 1.63263 0.209701 0.00582797
SLL_fresh 97 6174 1.63329 0.209836 0.00582984
SLL_fresh 98 6174 1.63394 0.209971 0.00583171
SLL_fresh 99 6174 1.63458 0.210106 0.0058336
SLL_fresh 100 6174 1.63521 0.210242 0.00583548
SLL_fresh 101 6174 1.63584 0.210379 0.00583737
SLL_fresh 102 6174 1.63646 0.210515 0.00583927
SLL_fresh 103 6174 1.63706 0.210652 0.00584117
SLL_fresh 104 6174 1.63766 0.21079 0.00584308
SLL_fresh 105 6174 1.63826 0.210928 0.00584499
SLL_fresh 106 6174 1.63884 0.211066 0.0058469
SLL_fresh 107 6174 1.63942 0.211204 0.00584882
SLL_fresh 108 6174 1.63999 0.211343 0.00585074
SLL_fresh 109 6174 1.64055 0.211482 0.00585266
SLL_fresh 110 6174 1.64111 0.211621 0.00585459
SLL_fresh 111 6174 1.64165 0.211761 0.00585652
SLL_fresh 112 6174 1.6422 0.211901 0.00585845
SLL_fresh 113 6174 1.64273 0.21204 0.00586038
SLL_fresh 114 6174 1.64326 0.212181 0.00586232
SLL_fresh 115 6174 1.64378 0.212321 0.00586426
SLL_fresh 116 6174 1.64429 0.212462 0.0058662
SLL_fresh 117 6174 1.6448 0.212602 0.00586814
SLL_fresh 118 6174 1.6453 0.212743 0.00587008
SLL_fresh 119 6174 1.6458 0.212884 0.00587203
SLL_fresh 120 6174 1.64629 0.213025 0.00587397
SLL_fresh 121 6174 1.64677 0.213166 0.00587592
SLL_fresh 122 6174 1.64725 0.213308 0.00587787
SLL_fresh 123 6174 1.64772 0.213449 0.00587982
SLL_fresh 124 6174 1.64818 0.21359 0.00588176
SLL_fresh 125 6174 1.64864 0.213732 0.00588371
SLL_fresh 126 6174 1.6491 0.213874 0.00588566
SLL_fresh 127 6174 1.64954 0.214015 0.00588761
SLL_fresh 128 6174 1.64999 0.214157 0.00588956
SLL_fresh 129 6174 1.65042 0.214299 0.00589151
SLL_fresh 130 6174 1.65086 0.21444 0.00589346
SLL_fresh 131 6174 1.65128 0.214582 0.0058954
SLL_fresh 132 6174 1.65171 0.214724 0.00589735
SLL_fresh 133 6174 1.65212 0.214866 0.0058993
SLL_fresh 134 6174 1.65253 0.215008 0.00590125
SLL_fresh 135 6174 1.65294 0.21515 0.0059032
SLL_fresh 136 6174 1.65334 0.215292 0.00590514
SLL_fresh 137 6174 1.65374 0.215434 0.00590709
SLL_fresh 138 6174 1.65413 0.215576 0.00590904
SLL_fresh 139 6174 1.65452 0.215718 0.00591099
SLL_fresh 140 6174 1.6549 0.21586 0.00591293
SLL_fresh 141 6174 1.65528 0.216002 0.00591488
SLL_fresh 142 6174 1.65565 0.216145 0.00591683
SLL_fresh 143 6174 1.65602 0.216287 0.00591877
SLL_fresh 144 6174 1.65639 0.216429 0.00592072
SLL_fresh 145 6174 1.65675 0.216571 0.00592267
SLL_fresh 146 6174 1.6571 0.216714 0.00592461
SLL_fresh 147 6174 1.65746 0.216856 0.00592656
SLL_fresh 148 6174 1.6578 0.216999 0.00592851
SLL_fresh 149 6174 1.65815 0.217142 0.00593046
SLL_fresh 150 6174 1.65849 0.217285 0.00593241
SLL_fresh 151 6174 1.65882 0.217427 0.00593436
SLL_fresh 152 6174 1.65915 0.217571 0.00593631
SLL_fresh 153 6174 1.65948 0.217714 0.00593826
SLL_fresh 154 6174 1.6598 0.217857 0.00594022
SLL_fresh 155 6174 1.66012 0.218001 0.00594218
SLL_fresh 156 6174 1.66044 0.218144 0.00594413
SLL_fresh 157 6174 1.66075 0.218288 0.00594609
SLL_fresh 158 6174 1.66106 0.218432 0.00594806
SLL_fresh 159 6174 1.66137 0.218577 0.00595002
SLL_fresh 160 6174 1.66167 0.218721 0.00595199
SLL_fresh 161 6174 1.66197 0.218866 0.00595396
SLL_fresh 162 6174 1.66226 0.219011 0.00595593
SLL_fresh 163 6174 1.66255 0.219156 0.00595791
SLL_fresh 164 6174 1.66284 0.219302 0.00595989

SLL_processing 2 6174 1.17895 0.0356995 0.00240463
SLL_processing 3 6174 1.26842 0.080324 0.00360694
SLL_processing 4 6174 1.32417 0.112344 0.00426572
SLL_processing 5 6174 1.36305 0.134064 0.00465987
SLL_processing 6 6174 1.3921 0.149101 0.00491425
SLL_processing 7 6174 1.41484 0.159882 0.00508881
SLL_processing 8 6174 1.43325 0.16788 0.00521453
SLL_processing 9 6174 1.44854 0.173994 0.00530865
SLL_processing 10 6174 1.46151 0.178792 0.00538134
SLL_processing 11 6174 1.47269 0.182644 0.005439
SLL_processing 12 6174 1.48247 0.185798 0.00548577
SLL_processing 13 6174 1.49112 0.188428 0.00552446
SLL_processing 14 6174 1.49884 0.190655 0.00555701
SLL_processing 15 6174 1.5058 0.192567 0.0055848
SLL_processing 16 6174 1.51211 0.194228 0.00560883
SLL_processing 17 6174 1.51788 0.195686 0.00562985
SLL_processing 18 6174 1.52317 0.196978 0.0056484
SLL_processing 19 6174 1.52805 0.198131 0.0056649
SLL_processing 20 6174 1.53258 0.199167 0.0056797
SLL_processing 21 6174 1.53679 0.200104 0.00569305
SLL_processing 22 6174 1.54071 0.200956 0.00570515
SLL_processing 23 6174 1.54439 0.201733 0.00571617
SLL_processing 24 6174 1.54784 0.202445 0.00572625
SLL_processing 25 6174 1.55108 0.2031 0.0057355
SLL_processing 26 6174 1.55415 0.203703 0.00574402
SLL_processing 27 6174 1.55704 0.204262 0.00575189
SLL_processing 28 6174 1.55978 0.20478 0.00575917
SLL_processing 29 6174 1.56238 0.205261 0.00576594
SLL_processing 30 6174 1.56485 0.205709 0.00577223
SLL_processing 31 6174 1.5672 0.206127 0.00577809
SLL_processing 32 6174 1.56945 0.206518 0.00578357
SLL_processing 33 6174 1.57159 0.206884 0.00578869
SLL_processing 34 6174 1.57363 0.207228 0.0057935
SLL_processing 35 6174 1.57559 0.207551 0.00579801
SLL_processing 36 6174 1.57747 0.207854 0.00580225
SLL_processing 37 6174 1.57927 0.208141 0.00580624
SLL_processing 38 6174 1.581 0.208411 0.00581001
SLL_processing 39 6174 1.58266 0.208666 0.00581356
SLL_processing 40 6174 1.58426 0.208907 0.00581693
SLL_processing 41 6174 1.5858 0.209136 0.00582011
SLL_processing 42 6174 1.58728 0.209353 0.00582313
SLL_processing 43 6174 1.58872 0.209559 0.00582599
SLL_processing 44 6174 1.5901 0.209755 0.00582871
SLL_processing 45 6174 1.59144 0.209941 0.0058313
SLL_processing 46 6174 1.59273 0.210119 0.00583377
SLL_processing 47 6174 1.59398 0.210288 0.00583612
SLL_processing 48 6174 1.59519 0.210449 0.00583836
SLL_processing 49 6174 1.59637 0.210604 0.0058405
SLL_processing 50 6174 1.5975 0.210751 0.00584254
SLL_processing 51 6174 1.59861 0.210893 0.0058445
SLL_processing 52 6174 1.59968 0.211028 0.00584637
SLL_processing 53 6174 1.60072 0.211158 0.00584817
SLL_processing 54 6174 1.60174 0.211282 0.00584989
SLL_processing 55 6174 1.60272 0.211402 0.00585155
SLL_processing 56 6174 1.60368 0.211517 0.00585314
SLL_processing 57 6174 1.60461 0.211627 0.00585467
SLL_processing 58 6174 1.60552 0.211734 0.00585614
SLL_processing 59 6174 1.60641 0.211836 0.00585756
SLL_processing 60 6174 1.60727 0.211935 0.00585893
SLL_processing 61 6174 1.60811 0.21203 0.00586024
SLL_processing 62 6174 1.60893 0.212122 0.00586152
SLL_processing 63 6174 1.60973 0.212211 0.00586275
SLL_processing 64 6174 1.61051 0.212298 0.00586394
SLL_processing 65 6174 1.61128 0.212381 0.00586509
SLL_processing 66 6174 1.61202 0.212461 0.0058662
SLL_processing 67 6174 1.61275 0.21254 0.00586728
SLL_processing 68 6174 1.61347 0.212615 0.00586832
SLL_processing 69 6174 1.61417 0.212689 0.00586934
SLL_processing 70 6174 1.61485 0.21276 0.00587032
SLL_processing 71 6174 1.61552 0.21283 0.00587128
SLL_processing 72 6174 1.61617 0.212897 0.00587221
SLL_processing 73 6174 1.61681 0.212963 0.00587311
SLL_processing 74 6174 1.61744 0.213026 0.00587399
SLL_processing 75 6174 1.61805 0.213089 0.00587485
SLL_processing 76 6174 1.61866 0.213149 0.00587569
SLL_processing 77 6174 1.61925 0.213209 0.0058765
SLL_processing 78 6174 1.61983 0.213266 0.0058773
SLL_processing 79 6174 1.6204 0.213323 0.00587808
SLL_processing 80 6174 1.62095 0.213378 0.00587884
SLL_processing 81 6174 1.6215 0.213432 0.00587958
SLL_processing 82 6174 1.62204 0.213484 0.0058803
SLL_processing 83 6174 1.62257 0.213536 0.00588102
SLL_processing 84 6174 1.62309 0.213587 0.00588171
SLL_processing 85 6174 1.6236 0.213636 0.0058824
SLL_processing 86 6174 1.6241 0.213685 0.00588307
SLL_processing 87 6174 1.62459 0.213733 0.00588372
SLL_processing 88 6174 1.62507 0.21378 0.00588437
SLL_processing 89 6174 1.62555 0.213826 0.005885
SLL_processing 90 6174 1.62601 0.213871 0.00588563
SLL_processing 91 6174 1.62647 0.213916 0.00588624
SLL_processing 92 6174 1.62693 0.21396 0.00588685
SLL_processing 93 6174 1.62737 0.214003 0.00588744
SLL_processing 94 6174 1.62781 0.214046 0.00588803
SLL_processing 95 6174 1.62824 0.214088 0.00588861
SLL_processing 96 6174 1.62866 0.214129 0.00588918
SLL_processing 97 6174 1.62908 0.21417 0.00588974
SLL_processing 98 6174 1.62949 0.214211 0.0058903
SLL_processing 99 6174 1.6299 0.214251 0.00589085
SLL_processing 100 6174 1.6303 0.214291 0.0058914
SLL_processing 101 6174 1.63069 0.21433 0.00589193
SLL_processing 102 6174 1.63108 0.214369 0.00589247
SLL_processing 103 6174 1.63146 0.214407 0.005893
SLL_processing 104 6174 1.63183 0.214445 0.00589352
SLL_processing 105 6174 1.63221 0.214483 0.00589404
SLL_processing 106 6174 1.63257 0.21452 0.00589455
SLL_processing 107 6174 1.63293 0.214557 0.00589506
SLL_processing 108 6174 1.63329 0.214594 0.00589557
SLL_processing 109 6174 1.63364 0.214631 0.00589607
SLL_processing 110 6174 1.63398 0.214667 0.00589657
SLL_processing 111 6174 1.63433 0.214703 0.00589706
SLL_processing 112 6174 1.63466 0.214739 0.00589756
SLL_processing 113 6174 1.635 0.214775 0.00589805
SLL_processing 114 6174 1.63532 0.21481 0.00589853
SLL_processing 115 6174 1.63565 0.214846 0.00589902
SLL_processing 116 6174 1.63597 0.214881 0.0058995
SLL_processing 117 6174 1.63628 0.214916 0.00589998
SLL_processing 118 6174 1.6366 0.214951 0.00590046
SLL_processing 119 6174 1.6369 0.214986 0.00590094
SLL_processing 120 6174 1.63721 0.21502 0.00590142
SLL_processing 121 6174 1.63751 0.215055 0.00590189
SLL_processing 122 6174 1.6378 0.215089 0.00590237
SLL_processing 123 6174 1.6381 0.215124 0.00590284
SLL_processing 124 6174 1.63839 0.215158 0.00590331
SLL_processing 125 6174 1.63867 0.215192 0.00590378
SLL_processing 126 6174 1.63896 0.215226 0.00590425
SLL_processing 127 6174 1.63924 0.215261 0.00590472
SLL_processing 128 6174 1.63951 0.215295 0.00590518
SLL_processing 129 6174 1.63978 0.215329 0.00590565
SLL_processing 130 6174 1.64005 0.215363 0.00590612
SLL_processing 131 6174 1.64032 0.215397 0.00590658
SLL_processing 132 6174 1.64059 0.215431 0.00590705
SLL_processing 133 6174 1.64085 0.215465 0.00590752
SLL_processing 134 6174 1.6411 0.215499 0.00590798
SLL_processing 135 6174 1.64136 0.215533 0.00590845
SLL_processing 136 6174 1.64161 0.215567 0.00590891
SLL_processing 137 6174 1.64186 0.215601 0.00590938
SLL_processing 138 6174 1.64211 0.215635 0.00590985
SLL_processing 139 6174 1.64235 0.215669 0.00591031
SLL_processing 140 6174 1.6426 0.215703 0.00591078
SLL_processing 141 6174 1.64283 0.215737 0.00591125
SLL_processing 142 6174 1.64307 0.215771 0.00591171
SLL_processing 143 6174 1.64331 0.215805 0.00591218
SLL_processing 144 6174 1.64354 0.215839 0.00591265
SLL_processing 145 6174 1.64377 0.215873 0.00591312
SLL_processing 146 6174 1.64399 0.215908 0.00591358
SLL_processing 147 6174 1.64422 0.215942 0.00591405
SLL_processing 148 6174 1.64444 0.215976 0.00591452
SLL_processing 149 6174 1.64466 0.216011 0.00591499
SLL_processing 150 6174 1.64488 0.216045 0.00591546
SLL_processing 151 6174 1.6451 0.216079 0.00591593
SLL_processing 152 6174 1.64531 0.216114 0.00591641
SLL_processing 153 6174 1.64552 0.216148 0.00591688
SLL_processing 154 6174 1.64573 0.216183 0.00591735
SLL_processing 155 6174 1.64594 0.216218 0.00591782
SLL_processing 156 6174 1.64614 0.216252 0.0059183
SLL_processing 157 6174 1.64635 0.216287 0.00591877
SLL_processing 158 6174 1.64655 0.216322 0.00591925
SLL_processing 159 6174 1.64675 0.216356 0.00591973
SLL_processing 160 6174 1.64695 0.216391 0.0059202
SLL_processing 161 6174 1.64714 0.216426 0.00592068
SLL_processing 162 6174 1.64734 0.216461 0.00592116
SLL_processing 163 6174 1.64753 0.216496 0.00592164
SLL_processing 164 6174 1.64772 0.216531 0.00592212
SLL_processing 165 6174 1.64791 0.216567 0.0059226
SLL_processing 166 6174 1.6481 0.216602 0.00592308
SLL_processing 167 6174 1.64828 0.216637 0.00592356
SLL_processing 168 6174 1.64847 0.216672 0.00592405
SLL_processing 169 6174 1.64865 0.216708 0.00592453
SLL_processing 170 6174 1.64883 0.216743 0.00592501
SLL_processing 171 6174 1.64901 0.216779 0.0059255
SLL_processing 172 6174 1.64918 0.216814 0.00592599
SLL_processing 173 6174 1.64936 0.21685 0.00592647
SLL_processing 174 6174 1.64953 0.216885 0.00592696
SLL_processing 175 6174 1.64971 0.216921 0.00592745
SLL_processing 176 6174 1.64988 0.216957 0.00592794
SLL_processing 177 6174 1.65005 0.216993 0.00592842
SLL_processing 178 6174 1.65022 0.217029 0.00592891
SLL_processing 179 6174 1.65038 0.217064 0.0059294
SLL_processing 180 6174 1.65055 0.2171 0.0059299
SLL_processing 181 6174 1.65071 0.217136 0.00593039
SLL_processing 182 6174 1.65087 0.217172 0.00593088
SLL_processing 183 6174 1.65104 0.217209 0.00593137
SLL_processing 184 6174 1.6512 0.217245 0.00593186
SLL_processing 185 6174 1.65135 0.217281 0.00593236
SLL_processing 186 6174 1.65151 0.217317 0.00593285
SLL_processing 187 6174 1.65167 0.217353 0.00593335
SLL_processing 188 6174 1.65182 0.21739 0.00593384
SLL_processing 189 6174 1.65197 0.217426 0.00593434
SLL_processing 190 6174 1.65213 0.217462 0.00593483
SLL_processing 191 6174 1.65228 0.217499 0.00593533
SLL_processing 192 6174 1.65242 0.217535 0.00593583
SLL_processing 193 6174 1.65257 0.217571 0.00593633
SLL_processing 194 6174 1.65272 0.217608 0.00593682
SLL_processing 195 6174 1.65287 0.217644 0.00593732
SLL_processing 196 6174 1.65301 0.217681 0.00593782
SLL_processing 197 6174 1.65315 0.217718 0.00593832
SLL_processing 198 6174 1.65329 0.217754 0.00593882
SLL_processing 199 6174 1.65344 0.217791 0.00593932
SLL_processing 200 6174 1.65358 0.217827 0.00593982
SLL_processing 201 6174 1.65371 0.217864 0.00594031
SLL_processing 202 6174 1.65385 0.217901 0.00594081
SLL_processing 203 6174 1.65399 0.217937 0.00594131
SLL_processing 204 6174 1.65412 0.217974 0.00594181
SLL_processing 205 6174 1.65426 0.218011 0.00594231
SLL_processing 206 6174 1.65439 0.218047 0.00594282
SLL_processing 207 6174 1.65452 0.218084 0.00594332
SLL_processing 208 6174 1.65465 0.218121 0.00594382
SLL_processing 209 6174 1.65478 0.218158 0.00594432
SLL_processing 210 6174 1.65491 0.218194 0.00594482
SLL_processing 211 6174 1.65504 0.218231 0.00594532
SLL_processing 212 6174 1.65517 0.218268 0.00594582
SLL_processing 213 6174 1.65529 0.218305 0.00594632
SLL_processing 214 6174 1.65542 0.218341 0.00594682
SLL_processing 215 6174 1.65554 0.218378 0.00594732
SLL_processing 216 6174 1.65566 0.218415 0.00594782
SLL_processing 217 6174 1.65579 0.218452 0.00594832
SLL_processing 218 6174 1.65591 0.218488 0.00594882
SLL_processing 219 6174 1.65603 0.218525 0.00594932
SLL_processing 220 6174 1.65615 0.218562 0.00594982
SLL_processing 221 6174 1.65626 0.218598 0.00595032
SLL_processing 222 6174 1.65638 0.218635 0.00595081
SLL_processing 223 6174 1.6565 0.218671 0.00595131
SLL_processing 224 6174 1.65661 0.218708 0.00595181
SLL_processing 225 6174 1.65673 0.218745 0.00595231
SLL_processing 226 6174 1.65684 0.218781 0.00595281
SLL_processing 227 6174 1.65695 0.218818 0.0059533
SLL_processing 228 6174 1.65707 0.218854 0.0059538
SLL_processing 229 6174 1.65718 0.218891 0.00595429
SLL_processing 230 6174 1.65729 0.218927 0.00595479
SLL_processing 231 6174 1.6574 0.218963 0.00595528
SLL_processing 232 6174 1.6575 0.219 0.00595578
SLL_processing 233 6174 1.65761 0.219036 0.00595627
SLL_processing 234 6174 1.65772 0.219072 0.00595677
SLL_processing 235 6174 1.65782 0.219109 0.00595726
SLL_processing 236 6174 1.65793 0.219145 0.00595775
SLL_processing 237 6174 1.65803 0.219181 0.00595824
SLL_processing 238 6174 1.65814 0.219217 0.00595873
SLL_processing 239 6174 1.65824 0.219253 0.00595922
SLL_processing 240 6174 1.65834 0.219289 0.00595971
SLL_processing 241 6174 1.65844 0.219325 0.0059602
SLL_processing 242 6174 1.65854 0.219361 0.00596069
SLL_processing 243 6174 1.65864 0.219397 0.00596117
SLL_processing 244 6174 1.65874 0.219433 0.00596166
SLL_processing 245 6174 1.65884 0.219468 0.00596215
SLL_processing 246 6174 1.65893 0.219504 0.00596263
SLL_processing 247 6174 1.65903 0.21954 0.00596311
SLL_processing 248 6174 1.65913 0.219575 0.0059636
SLL_processing 249 6174 1.65922 0.219611 0.00596408
SLL_processing 250 6174 1.65931 0.219646 0.00596456
SLL_processing 251 6174 1.65941 0.219681 0.00596504
SLL_processing 252 6174 1.6595 0.219717 0.00596552
SLL_processing 253 6174 1.65959 0.219752 0.00596599
SLL_processing 254 6174 1.65968 0.219787 0.00596647
SLL_processing 255 6174 1.65977 0.219822 0.00596695
SLL_processing 256 6174 1.65986 0.219857 0.00596742
SLL_processing 257 6174 1.65995 0.219892 0.00596789
SLL_processing 258 6174 1.66004 0.219927 0.00596837
SLL_processing 259 6174 1.66013 0.219961 0.00596884
SLL_processing 260 6174 1.66021 0.219996 0.00596931
SLL_processing 261 6174 1.6603 0.22003 0.00596978
SLL_processing 262 6174 1.66038 0.220065 0.00597024
SLL_processing 263 6174 1.66047 0.220099 0.00597071
SLL_processing 264 6174 1.66055 0.220134 0.00597118
SLL_processing 265 6174 1.66064 0.220168 0.00597164
SLL_processing 266 6174 1.66072 0.220202 0.0059721
SLL_processing 267 6174 1.6608 0.220236 0.00597256
SLL_processing 268 6174 1.66088 0.22027 0.00597302
SLL_processing 269 6174 1.66096 0.220304 0.00597348
SLL_processing 270 6174 1.66104 0.220337 0.00597394
SLL_processing 271 6174 1.66112 0.220371 0.00597439
SLL_processing 272 6174 1.6612 0.220405 0.00597485
SLL_processing 273 6174 1.66128 0.220438 0.0059753
SLL_processing 274 6174 1.66136 0.220471 0.00597575
SLL_processing 275 6174 1.66143 0.220505 0.0059762
SLL_processing 276 6174 1.66151 0.220538 0.00597665
SLL_processing 277 6174 1.66158 0.220571 0.0059771
SLL_processing 278 6174 1.66166 0.220604 0.00597755
SLL_processing 279 6174 1.66173 0.220636 0.00597799
SLL_processing 280 6174 1.66181 0.220669 0.00597843
SLL_processing 281 6174 1.66188 0.220702 0.00597887
SLL_processing 282 6174 1.66195 0.220734 0.00597931
SLL_processing 283 6174 1.66202 0.220766 0.00597975
SLL_processing 284 6174 1.66209 0.220799 0.00598019
SLL_processing 285 6174 1.66216 0.220831 0.00598062
SLL_processing 286 6174 1.66223 0.220863 0.00598106
SLL_processing 287 6174 1.6623 0.220895 0.00598149
SLL_processing 288 6174 1.66237 0.220926 0.00598192
SLL_processing 289 6174 1.66244 0.220958 0.00598235
SLL_processing 290 6174 1.66251 0.22099 0.00598277
SLL_processing 291 6174 1.66257 0.221021 0.0059832
SLL_processing 292 6174 1.66264 0.221052 0.00598362
SLL_processing 293 6174 1.66271 0.221083 0.00598404
SLL_processing 294 6174 1.66277 0.221115 0.00598446
SLL_processing 295 6174 1.66284 0.221145 0.00598488
SLL_processing 296 6174 1.6629 0.221176 0.0059853
SLL_processing 297 6174 1.66296 0.221207 0.00598571
SLL_processing 298 6174 1.66303 0.221237 0.00598613
SLL_processing 299 6174 1.66309 0.221268 0.00598654
SLL_processing 300 6174 1.66315 0.221298 0.00598695
SLL_processing 301 6174 1.66321 0.221328 0.00598736
SLL_processing 302 6174 1.66327 0.221358 0.00598776
SLL_processing 303 6174 1.66333 0.221388 0.00598817
SLL_processing 304 6174 1.66339 0.221418 0.00598857
SLL_processing 305 6174 1.66345 0.221448 0.00598897
SLL_processing 306 6174 1.66351 0.221477 0.00598937
SLL_processing 307 6174 1.66357 0.221507 0.00598977
SLL_processing 308 6174 1.66362 0.221536 0.00599016
SLL_processing 309 6174 1.66368 0.221565 0.00599056
SLL_processing 310 6174 1.66373 0.221594 0.00599095
SLL_processing 311 6174 1.66379 0.221623 0.00599134
SLL_processing 312 6174 1.66385 0.221651 0.00599173
SLL_processing 313 6174 1.6639 0.22168 0.00599211
SLL_processing 314 6174 1.66395 0.221708 0.0059925
SLL_processing 315 6174 1.66401 0.221737 0.00599288
SLL_processing 316 6174 1.66406 0.221765 0.00599326
SLL_processing 317 6174 1.66411 0.221793 0.00599364
SLL_processing 318 6174 1.66416 0.221821 0.00599402

others 2 6174 1.33785 0.015525 0.00158574
others 3 6174 1.50677 0.0349313 0.00237861
others 4 6174 1.61111 0.0446662 0.00268971
others 5 6174 1.68316 0.0472999 0.00276788
others 6 6174 1.73612 0.0463473 0.00273986
others 7 6174 1.7766 0.0438709 0.00266566
others 8 6174 1.80837 0.0408807 0.00257321
others 9 6174 1.83381 0.0378351 0.00247551
others 10 6174 1.8545 0.0349286 0.00237852
others 11 6174 1.87155 0.0322336 0.00228492
others 12 6174 1.88575 0.0297676 0.00219578
others 13 6174 1.89768 0.0275238 0.0021114
others 14 6174 1.9078 0.0254862 0.00203175
others 15 6174 1.91645 0.0236354 0.00195658
others 16 6174 1.9239 0.0219523 0.00188563
others 17 6174 1.93035 0.0204191 0.00181859
others 18 6174 1.93598 0.0190196 0.00175516
others 19 6174 1.94092 0.0177397 0.00169508
others 20 6174 1.94527 0.0165666 0.00163807
others 21 6174 1.94914 0.0154893 0.00158392
others 22 6174 1.95258 0.0144983 0.00153241
others 23 6174 1.95567 0.0135848 0.00148335
others 24 6174 1.95844 0.0127415 0.00143657
others 25 6174 1.96095 0.0119618 0.00139192
others 26 6174 1.96322 0.0112397 0.00134925
others 27 6174 1.9653 0.0105701 0.00130844
others 28 6174 1.96719 0.00994828 0.00126938
others 29 6174 1.96893 0.00937021 0.00123195
others 30 6174 1.97053 0.00883216 0.00119605
others 31 6174 1.972 0.00833079 0.00116161
others 32 6174 1.97337 0.00786313 0.00112853
others 33 6174 1.97463 0.00742647 0.00109675
others 34 6174 1.97581 0.00701837 0.00106619
others 35 6174 1.97691 0.00663663 0.00103679
others 36 6174 1.97794 0.00627924 0.00100849
others 37 6174 1.97891 0.00594437 0.000981227
others 38 6174 1.97981 0.00563036 0.000954959
others 39 6174 1.98066 0.00533568 0.000929633
others 40 6174 1.98146 0.00505895 0.000905205
others 41 6174 1.98222 0.00479889 0.000881632
others 42 6174 1.98293 0.00455434 0.000858874
others 43 6174 1.9836 0.00432423 0.000836895
others 44 6174 1.98424 0.00410756 0.000815659
others 45 6174 1.98485 0.00390343 0.000795133
others 46 6174 1.98543 0.003711 0.000775286
others 47 6174 1.98597 0.0035295 0.000756089
others 48 6174 1.9865 0.00335821 0.000737515
others 49 6174 1.98699 0.00319648 0.000719536
others 50 6174 1.98746 0.00304369 0.000702129
others 51 6174 1.98792 0.00289928 0.00068527
others 52 6174 1.98835 0.00276272 0.000668937
others 53 6174 1.98876 0.00263353 0.000653109
others 54 6174 1.98915 0.00251124 0.000637765
others 55 6174 1.98953 0.00239544 0.000622888
others 56 6174 1.98989 0.00228574 0.000608458
others 57 6174 1.99024 0.00218177 0.000594458
others 58 6174 1.99057 0.00208319 0.000580874
others 59 6174 1.99089 0.00198969 0.000567687
others 60 6174 1.99119 0.00190096 0.000554885
others 61 6174 1.99149 0.00181673 0.000542453
others 62 6174 1.99177 0.00173675 0.000530377
others 63 6174 1.99204 0.00166076 0.000518645
others 64 6174 1.9923 0.00158854 0.000507243
others 65 6174 1.99255 0.00151989 0.000496162
others 66 6174 1.99279 0.0014546 0.000485388
others 67 6174 1.99302 0.00139249 0.000474911
others 68 6174 1.99324 0.00133338 0.000464722
others 69 6174 1.99346 0.0012771 0.00045481
others 70 6174 1.99367 0.00122351 0.000445165
others 71 6174 1.99387 0.00117246 0.000435779
others 72 6174 1.99406 0.00112382 0.000426643
others 73 6174 1.99424 0.00107745 0.000417748
others 74 6174 1.99442 0.00103323 0.000409087
others 75 6174 1.99459 0.000991063 0.000400652
others 76 6174 1.99476 0.000950828 0.000392435
others 77 6174 1.99492 0.000912429 0.000384429
others 78 6174 1.99508 0.000875771 0.000376628
others 79 6174 1.99523 0.000840766 0.000369024
others 80 6174 1.99537 0.00080733 0.000361611
others 81 6174 1.99551 0.000775382 0.000354384
others 82 6174 1.99565 0.000744848 0.000347337
others 83 6174 1.99578 0.000715658 0.000340463
others 84 6174 1.9959 0.000687745 0.000333757
others 85 6174 1.99603 0.000661045 0.000327214
others 86 6174 1.99614 0.0006355 0.00032083
others 87 6174 1.99626 0.000611052 0.000314598
others 88 6174 1.99637 0.000587649 0.000308515
others 89 6174 1.99648 0.00056524 0.000302575
others 90 6174 1.99658 0.000543777 0.000296775
others 91 6174 1.99668 0.000523215 0.00029111
others 92 6174 1.99678 0.000503512 0.000285576
others 93 6174 1.99687 0.000484626 0.000280169
others 94 6174 1.99696 0.00046652 0.000274885
others 95 6174 1.99705 0.000449157 0.000269722
others 96 6174 1.99713 0.000432502 0.000264674
others 97 6174 1.99722 0.000416523 0.000259739
others 98 6174 1.9973 0.00040119 0.000254913
others 99 6174 1.99737 0.000386471 0.000250193
others 100 6174 1.99745 0.000372341 0.000245577
others 101 6174 1.99752 0.000358771 0.00024106
others 102 6174 1.99759 0.000345737 0.000236641
others 103 6174 1.99766 0.000333215 0.000232316
others 104 6174 1.99773 0.000321182 0.000228083
others 105 6174 1.99779 0.000309617 0.000223939
others 106 6174 1.99785 0.000298499 0.000219881
others 107 6174 1.99791 0.000287809 0.000215908
others 108 6174 1.99797 0.000277528 0.000212017
others 109 6174 1.99803 0.000267638 0.000208205
others 110 6174 1.99809 0.000258123 0.00020447
others 111 6174 1.99814 0.000248967 0.000200811
others 112 6174 1.99819 0.000240155 0.000197225
others 113 6174 1.99824 0.000231672 0.00019371
others 114 6174 1.99829 0.000223504 0.000190265
others 115 6174 1.99834 0.000215638 0.000186887
others 116 6174 1.99838 0.000208062 0.000183575
others 117 6174 1.99843 0.000200764 0.000180327
others 118 6174 1.99847 0.000193733 0.000177141
others 119 6174 1.99851 0.000186957 0.000174015
others 120 6174 1.99855 0.000180426 0.000170949
others 121 6174 1.99859 0.000174131 0.00016794
others 122 6174 1.99863 0.000168063 0.000164988
others 123 6174 1.99867 0.000162211 0.00016209
others 124 6174 1.99871 0.000156568 0.000159246
others 125 6174 1.99874 0.000151125 0.000156453
others 126 6174 1.99878 0.000145875 0.000153712
others 127 6174 1.99881 0.00014081 0.00015102
others 128 6174 1.99884 0.000135923 0.000148376
others 129 6174 1.99887 0.000131208 0.00014578
others 130 6174 1.9989 0.000126657 0.000143229
others 131 6174 1.99893 0.000122264 0.000140724
others 132 6174 1.99896 0.000118025 0.000138262
others 133 6174 1.99899 0.000113931 0.000135843
others 134 6174 1.99902 0.00010998 0.000133467
others 135 6174 1.99904 0.000106164 0.000131131
others 136 6174 1.99907 0.000102479 0.000128835
others 137 6174 1.9991 9.89209e-05 0.000126579
others 138 6174 1.99912 9.54842e-05 0.000124361
others 139 6174 1.99914 9.21649e-05 0.00012218
others 140 6174 1.99917 8.89586e-05 0.000120036
others 141 6174 1.99919 8.58614e-05 0.000117928
others 142 6174 1.99921 8.28692e-05 0.000115855
others 143 6174 1.99923 7.99785e-05 0.000113816
others 144 6174 1.99925 7.71856e-05 0.000111811
others 145 6174 1.99927 7.4487e-05 0.000109839
others 146 6174 1.99929 7.18795e-05 0.000107899
others 147 6174 1.99931 6.93599e-05 0.000105991
others 148 6174 1.99933 6.69252e-05 0.000104115
others 149 6174 1.99935 6.45724e-05 0.000102268
others 150 6174 1.99936 6.22987e-05 0.000100451
others 151 6174 1.99938 6.01013e-05 9.8664e-05
others 152 6174 1.9994 5.79778e-05 9.69053e-05
others 153 6174 1.99941 5.59255e-05 9.51748e-05
others 154 6174 1.99943 5.39422e-05 9.34718e-05
others 155 6174 1.99944 5.20253e-05 9.17961e-05
others 156 6174 1.99946 5.01728e-05 9.01469e-05
others 157 6174 1.99947 4.83824e-05 8.85238e-05
others 158 6174 1.99949 4.66521e-05 8.69265e-05
others 159 6174 1.9995 4.49798e-05 8.53543e-05
others 160 6174 1.99951 4.33637e-05 8.38069e-05
others 161 6174 1.99953 4.18019e-05 8.22839e-05
others 162 6174 1.99954 4.02926e-05 8.07847e-05
others 163 6174 1.99955 3.8834e-05 7.93091e-05
others 164 6174 1.99956 3.74246e-05 7.78565e-05
others 165 6174 1.99958 3.60626e-05 7.64267e-05
others 166 6174 1.99959 3.47465e-05 7.50192e-05
others 167 6174 1.9996 3.34749e-05 7.36337e-05
others 168 6174 1.99961 3.22463e-05 7.22698e-05
others 169 6174 1.99962 3.10593e-05 7.09271e-05
others 170 6174 1.99963 2.99124e-05 6.96054e-05
others 171 6174 1.99964 2.88046e-05 6.83042e-05
others 172 6174 1.99965 2.77343e-05 6.70233e-05
others 173 6174 1.99966 2.67006e-05 6.57623e-05
others 174 6174 1.99967 2.57021e-05 6.45209e-05
others 175 6174 1.99968 2.47377e-05 6.32989e-05
others 176 6174 1.99969 2.38063e-05 6.20959e-05
others 177 6174 1.99969 2.29069e-05 6.09116e-05
others 178 6174 1.9997 2.20384e-05 5.97458e-05
others 179 6174 1.99971 2.11999e-05 5.85981e-05
others 180 6174 1.99972 2.03903e-05 5.74684e-05
others 181 6174 1.99973 1.96088e-05 5.63562e-05
others 182 6174 1.99973 1.88544e-05 5.52615e-05
others 183 6174 1.99974 1.81262e-05 5.41839e-05
others 184 6174 1.99975 1.74234e-05 5.31231e-05
others 185 6174 1.99975 1.67453e-05 5.2079e-05
others 186 6174 1.99976 1.60909e-05 5.10512e-05
others 187 6174 1.99977 1.54595e-05 5.00397e-05
others 188 6174 1.99977 1.48504e-05 4.9044e-05
others 189 6174 1.99978 1.42629e-05 4.8064e-05
others 190 6174 1.99979 1.36962e-05 4.70995e-05
others 191 6174 1.99979 1.31497e-05 4.61503e-05
others 192 6174 1.9998 1.26227e-05 4.52161e-05
others 193 6174 1.9998 1.21146e-05 4.42967e-05
others 194 6174 1.99981 1.16248e-05 4.3392e-05
others 195 6174 1.99981 1.11527e-05 4.25017e-05
others 196 6174 1.99982 1.06977e-05 4.16256e-05
others 197 6174 1.99982 1.02592e-05 4.07636e-05
others 198 6174 1.99983 9.83665e-06 3.99154e-05
others 199 6174 1.99983 9.42962e-06 3.90808e-05
others 200 6174 1.99984 9.03755e-06 3.82597e-05
others 201 6174 1.99984 8.65994e-06 3.74519e-05
others 202 6174 1.99985 8.29632e-06 3.66572e-05
others 203 6174 1.99985 7.94623e-06 3.58754e-05
others 204 6174 1.99986 7.6092e-06 3.51064e-05
others 205 6174 1.99986 7.28482e-06 3.43499e-05
others 206 6174 1.99986 6.97265e-06 3.36059e-05
others 207 6174 1.99987 6.67228e-06 3.28741e-05
others 208 6174 1.99987 6.38333e-06 3.21544e-05
others 209 6174 1.99988 6.10539e-06 3.14466e-05
others 210 6174 1.99988 5.83811e-06 3.07505e-05
others 211 6174 1.99988 5.58111e-06 3.00661e-05
others 212 6174 1.99989 5.33405e-06 2.93931e-05
others 213 6174 1.99989 5.0966e-06 2.87314e-05
others 214 6174 1.99989 4.86841e-06 2.80808e-05
others 215 6174 1.9999 4.64917e-06 2.74413e-05
others 216 6174 1.9999 4.43857e-06 2.68126e-05
others 217 6174 1.9999 4.23632e-06 2.61946e-05
others 218 6174 1.99991 4.04212e-06 2.55871e-05
others 219 6174 1.99991 3.85569e-06 2.49901e-05
others 220 6174 1.99991 3.67676e-06 2.44034e-05
others 221 6174 1.99991 3.50507e-06 2.38268e-05
others 222 6174 1.99992 3.34036e-06 2.32602e-05
others 223 6174 1.99992 3.18238e-06 2.27035e-05
others 224 6174 1.99992 3.03089e-06 2.21565e-05
others 225 6174 1.99992 2.88566e-06 2.16192e-05
others 226 6174 1.99993 2.74647e-06 2.10913e-05
others 227 6174 1.99993 2.6131e-06 2.05728e-05
others 228 6174 1.99993 2.48533e-06 2.00636e-05
others 229 6174 1.99993 2.36297e-06 1.95635e-05
others 230 6174 1.99994 2.24581e-06 1.90723e-05
others 231 6174 1.99994 2.13367e-06 1.859e-05
others 232 6174 1.99994 2.02635e-06 1.81165e-05
others 233 6174 1.99994 1.92369e-06 1.76516e-05
others 234 6174 1.99994 1.8255e-06 1.71952e-05
others 235 6174 1.99995 1.73162e-06 1.67472e-05
others 236 6174 1.99995 1.64189e-06 1.63076e-05
others 237 6174 1.99995 1.55615e-06 1.58761e-05
others 238 6174 1.99995 1.47425e-06 1.54526e-05
others 239 6174 1.99995 1.39603e-06 1.50371e-05
others 240 6174 1.99995 1.32137e-06 1.46295e-05
others 241 6174 1.99996 1.25012e-06 1.42296e-05
others 242 6174 1.99996 1.18215e-06 1.38373e-05
others 243 6174 1.99996 1.11733e-06 1.34526e-05
others 244 6174 1.99996 1.05553e-06 1.30753e-05
others 245 6174 1.99996 9.96645e-07 1.27054e-05
others 246 6174 1.99996 9.40549e-07 1.23426e-05
others 247 6174 1.99996 8.87133e-07 1.1987e-05
others 248 6174 1.99997 8.36288e-07 1.16384e-05
others 249 6174 1.99997 7.87911e-07 1.12968e-05
others 250 6174 1.99997 7.41901e-07 1.0962e-05
others 251 6174 1.99997 6.9816e-07 1.06339e-05
others 252 6174 1.99997 6.56595e-07 1.03125e-05
others 253 6174 1.99997 6.17115e-07 9.99769e-06
others 254 6174 1.99997 5.79633e-07 9.68932e-06
others 255 6174 1.99997 5.44064e-07 9.38733e-06
others 256 6174 1.99997 5.10328e-07 9.09162e-06
others 257 6174 1.99998 4.78345e-07 8.80212e-06
others 258 6174 1.99998 4.48041e-07 8.51874e-06
others 259 6174 1.99998 4.19342e-07 8.2414e-06
others 260 6174 1.99998 3.92178e-07 7.97e-06
others 261 6174 1.99998 3.66481e-07 7.70447e-06
others 262 6174 1.99998 3.42187e-07 7.44472e-06
others 263 6174 1.99998 3.19232e-07 7.19068e-06
others 264 6174 1.99998 2.97556e-07 6.94226e-06
others 265 6174 1.99998 2.77101e-07 6.69939e-06
others 266 6174 1.99998 2.5781e-07 6.46199e-06
others 267 6174 1.99998 2.3963e-07 6.22999e-06
others 268 6174 1.99999 2.22509e-07 6.00331e-06
others 269 6174 1.99999 2.06397e-07 5.78187e-06
others 270 6174 1.99999 1.91245e-07 5.5656e-06
others 271 6174 1.99999 1.77009e-07 5.35444e-06
others 272 6174 1.99999 1.63642e-07 5.14831e-06
others 273 6174 1.99999 1.51104e-07 4.94714e-06
others 274 6174 1.99999 1.39352e-07 4.75087e-06
others 275 6174 1.99999 1.28347e-07 4.55942e-06
others 276 6174 1.99999 1.18052e-07 4.37274e-06
others 277 6174 1.99999 1.0843e-07 4.19075e-06
others 278 6174 1.99999 9.9447e-08 4.0134e-06
others 279 6174 1.99999 9.10688e-08 3.84062e-06
others 280 6174 1.99999 8.32636e-08 3.67235e-06
others 281 6174 1.99999 7.60008e-08 3.50853e-06
others 282 6174 1.99999 6.92508e-08 3.34911e-06
others 283 6174 1.99999 6.29855e-08 3.19401e-06
others 284 6174 1.99999 5.71778e-08 3.0432e-06
others 285 6174 1.99999 5.18019e-08 2.89661e-06
others 286 6174 1.99999 4.68329e-08 2.75418e-06
others 287 6174 1.99999 4.22473e-08 2.61587e-06
others 288 6174 2 3.80223e-08 2.48162e-06
others 289 6174 2 3.41362e-08 2.35139e-06
others 290 6174 2 3.05684e-08 2.22512e-06
others 291 6174 2 2.72989e-08 2.10276e-06
others 292 6174 2 2.4309e-08 1.98427e-06
others 293 6174 2 2.15807e-08 1.8696e-06
others 294 6174 2 1.90966e-08 1.75871e-06
others 295 6174 2 1.68404e-08 1.65155e-06
others 296 6174 2 1.47965e-08 1.54809e-06
others 297 6174 2 1.29499e-08 1.44827e-06
others 298 6174 2 1.12866e-08 1.35207e-06

