SP 2 6174 0.178108 0.039635 0.00253371
SP 3 6174 0.132435 0.0313309 0.0022527
SP 4 6174 0.10047 0.0239332 0.00196887
SP 5 6174 0.0778211 0.0181256 0.00171342
SP 6 6174 0.0613602 0.0137328 0.00149141
SP 7 6174 0.0490975 0.0104482 0.00130088
SP 8 6174 0.0397656 0.00799669 0.00113808
SP 9 6174 0.0325367 0.00616265 0.00099908
SP 10 6174 0.0268537 0.0047842 0.000880281
SP 11 6174 0.0223303 0.00374217 0.000778535
SP 12 6174 0.0186917 0.00294935 0.000691162
SP 13 6174 0.0157383 0.00234203 0.000615904
SP 14 6174 0.0133219 0.00187355 0.00055087
SP 15 6174 0.0113309 0.0015096 0.000494479
SP 16 6174 0.00968022 0.00122488 0.000445413
SP 17 6174 0.00830387 0.00100058 0.000402571
SP 18 6174 0.00715036 0.000822675 0.000365032
SP 19 6174 0.00617904 0.000680622 0.000332024
SP 20 6174 0.00535757 0.000566454 0.0003029
SP 21 6174 0.00466002 0.000474114 0.000277114
SP 22 6174 0.00406547 0.000398967 0.000254206
SP 23 6174 0.00355693 0.000337447 0.000233786
SP 24 6174 0.00312049 0.00028679 0.000215526
SP 25 6174 0.00274477 0.000244847 0.000199143
SP 26 6174 0.00242035 0.000209932 0.000184398
SP 27 6174 0.00213944 0.000180717 0.000171086
SP 28 6174 0.00189554 0.00015615 0.000159033
SP 29 6174 0.00168322 0.000135395 0.000148087
SP 30 6174 0.00149794 0.00011778 0.000138119
SP 31 6174 0.00133586 0.000102767 0.000129016
SP 32 6174 0.00119376 8.99192e-05 0.000120682
SP 33 6174 0.00106888 7.88819e-05 0.000113033
SP 34 6174 0.000958908 6.93655e-05 0.000105996
SP 35 6174 0.000861856 6.11324e-05 9.95067e-05
SP 36 6174 0.00077603 5.39867e-05 9.35104e-05
SP 37 6174 0.000699981 4.77659e-05 8.79581e-05
SP 38 6174 0.000632464 4.23352e-05 8.28071e-05
SP 39 6174 0.000572409 3.75817e-05 7.80199e-05
SP 40 6174 0.00051889 3.34108e-05 7.35631e-05
SP 41 6174 0.000471111 2.97427e-05 6.94076e-05
SP 42 6174 0.000428381 2.651e-05 6.55272e-05
SP 43 6174 0.000390099 2.36554e-05 6.18987e-05
SP 44 6174 0.000355744 2.113e-05 5.85015e-05
SP 45 6174 0.000324862 1.88922e-05 5.5317e-05
SP 46 6174 0.000297057 1.69061e-05 5.23285e-05
SP 47 6174 0.000271983 1.51408e-05 4.95213e-05
SP 48 6174 0.000249335 1.35698e-05 4.68817e-05
SP 49 6174 0.000228849 1.21698e-05 4.43975e-05
SP 50 6174 0.000210289 1.09209e-05 4.20578e-05
SP 51 6174 0.000193451 9.80564e-06 3.98524e-05
SP 52 6174 0.000178153 8.8087e-06 3.77722e-05
SP 53 6174 0.000164234 7.91675e-06 3.58088e-05
SP 54 6174 0.000151553 7.11809e-06 3.39546e-05
SP 55 6174 0.000139985 6.40242e-06 3.22024e-05
SP 56 6174 0.000129418 5.76067e-06 3.05459e-05
SP 57 6174 0.000119754 5.18484e-06 2.89791e-05
SP 58 6174 0.000110905 4.66786e-06 2.74964e-05
SP 59 6174 0.000102792 4.20346e-06 2.60928e-05
SP 60 6174 9.53456e-05 3.78609e-06 2.47635e-05
SP 61 6174 8.85034e-05 3.41082e-06 2.35042e-05
SP 62 6174 8.22095e-05 3.07327e-06 2.23109e-05
SP 63 6174 7.6414e-05 2.76952e-06 2.11797e-05
SP 64 6174 7.10719e-05 2.49611e-06 2.01071e-05
SP 65 6174 6.61431e-05 2.24992e-06 1.90897e-05
SP 66 6174 6.15912e-05 2.02818e-06 1.81247e-05
SP 67 6174 5.73836e-05 1.82841e-06 1.72089e-05
SP 68 6174 5.34909e-05 1.6484e-06 1.63399e-05
SP 69 6174 4.98864e-05 1.48616e-06 1.55149e-05
SP 70 6174 4.65462e-05 1.3399e-06 1.47317e-05
SP 71 6174 4.34484e-05 1.20804e-06 1.39881e-05
SP 72 6174 4.05734e-05 1.08914e-06 1.32818e-05
SP 73 6174 3.79032e-05 9.81911e-07 1.26111e-05
SP 74 6174 3.54215e-05 8.85201e-07 1.1974e-05
SP 75 6174 3.31136e-05 7.97971e-07 1.13687e-05
SP 76 6174 3.09659e-05 7.19286e-07 1.07936e-05
SP 77 6174 2.89661e-05 6.48307e-07 1.02472e-05
SP 78 6174 2.71031e-05 5.84278e-07 9.72806e-06
SP 79 6174 2.53664e-05 5.26516e-07 9.23469e-06
SP 80 6174 2.37468e-05 4.74409e-07 8.76583e-06
SP 81 6174 2.22355e-05 4.27404e-07 8.32024e-06
SP 82 6174 2.08248e-05 3.85003e-07 7.89675e-06
SP 83 6174 1.95073e-05 3.46756e-07 7.49425e-06
SP 84 6174 1.82763e-05 3.12258e-07 7.1117e-06
SP 85 6174 1.71258e-05 2.81144e-07 6.7481e-06
SP 86 6174 1.60501e-05 2.53085e-07 6.40251e-06
SP 87 6174 1.5044e-05 2.27783e-07 6.07404e-06
SP 88 6174 1.41026e-05 2.04969e-07 5.76184e-06
SP 89 6174 1.32216e-05 1.84402e-07 5.46512e-06
SP 90 6174 1.23968e-05 1.65862e-07 5.18311e-06
SP 91 6174 1.16244e-05 1.49152e-07 4.91509e-06
SP 92 6174 1.0901e-05 1.34094e-07 4.66038e-06
SP 93 6174 1.02232e-05 1.20526e-07 4.41832e-06
SP 94 6174 9.58802e-06 1.08303e-07 4.1883e-06
SP 95 6174 8.9927e-06 9.72945e-08 3.96973e-06
SP 96 6174 8.43461e-06 8.73809e-08 3.76205e-06
SP 97 6174 7.91134e-06 7.84553e-08 3.56474e-06
SP 98 6174 7.42063e-06 7.04211e-08 3.37729e-06
SP 99 6174 6.96039e-06 6.31908e-08 3.19922e-06
SP 100 6174 6.52868e-06 5.66854e-08 3.03007e-06
SP 101 6174 6.12366e-06 5.08338e-08 2.86941e-06
SP 102 6174 5.74366e-06 4.55715e-08 2.71683e-06
SP 103 6174 5.3871e-06 4.08404e-08 2.57195e-06
SP 104 6174 5.05249e-06 3.65881e-08 2.43437e-06
SP 105 6174 4.73846e-06 3.27672e-08 2.30375e-06
SP 106 6174 4.44373e-06 2.93348e-08 2.17976e-06
SP 107 6174 4.1671e-06 2.62525e-08 2.06206e-06
SP 108 6174 3.90744e-06 2.34853e-08 1.95036e-06
SP 109 6174 3.66371e-06 2.10019e-08 1.84436e-06
SP 110 6174 3.43492e-06 1.87738e-08 1.74378e-06
SP 111 6174 3.22015e-06 1.67754e-08 1.64837e-06
SP 112 6174 3.01854e-06 1.49838e-08 1.55786e-06
SP 113 6174 2.82928e-06 1.3378e-08 1.47201e-06
SP 114 6174 2.65162e-06 1.19392e-08 1.39061e-06
SP 115 6174 2.48486e-06 1.06507e-08 1.31343e-06
SP 116 6174 2.32831e-06 9.49714e-09 1.24026e-06
SP 117 6174 2.18137e-06 8.46477e-09 1.17091e-06
SP 118 6174 2.04345e-06 7.54123e-09 1.10519e-06
SP 119 6174 1.91401e-06 6.71537e-09 1.04292e-06
SP 120 6174 1.79252e-06 5.97718e-09 9.83931e-07
SP 121 6174 1.6785e-06 5.31761e-09 9.28058e-07
SP 122 6174 1.57151e-06 4.72856e-09 8.75147e-07
SP 123 6174 1.47111e-06 4.2027e-09 8.25051e-07
SP 124 6174 1.37691e-06 3.73346e-09 7.77629e-07
SP 125 6174 1.28853e-06 3.31494e-09 7.32748e-07
SP 126 6174 1.20562e-06 2.94183e-09 6.9028e-07
SP 127 6174 1.12785e-06 2.60935e-09 6.50104e-07
SP 128 6174 1.05491e-06 2.31322e-09 6.12104e-07
SP 129 6174 9.86509e-07 2.0496e-09 5.76171e-07
SP 130 6174 9.22364e-07 1.81503e-09 5.42199e-07
SP 131 6174 8.62223e-07 1.60642e-09 5.10089e-07
SP 132 6174 8.05842e-07 1.42098e-09 4.79745e-07
SP 133 6174 7.52993e-07 1.25623e-09 4.51078e-07
SP 134 6174 7.03461e-07 1.10994e-09 4.24001e-07
SP 135 6174 6.57046e-07 9.80113e-10 3.98432e-07
SP 136 6174 6.13557e-07 8.64952e-10 3.74294e-07
SP 137 6174 5.72817e-07 7.62861e-10 3.51511e-07
SP 138 6174 5.34658e-07 6.72407e-10 3.30014e-07
SP 139 6174 4.98922e-07 5.92309e-10 3.09735e-07
SP 140 6174 4.65461e-07 5.21422e-10 2.90611e-07
SP 141 6174 4.34137e-07 4.58726e-10 2.72579e-07
SP 142 6174 4.04817e-07 4.03305e-10 2.55584e-07
SP 143 6174 3.77379e-07 3.54346e-10 2.39569e-07
SP 144 6174 3.51708e-07 3.11123e-10 2.24483e-07
SP 145 6174 3.27694e-07 2.72986e-10 2.10275e-07
SP 146 6174 3.05235e-07 2.3936e-10 1.96898e-07
SP 147 6174 2.84235e-07 2.09729e-10 1.84309e-07
SP 148 6174 2.64603e-07 1.83636e-10 1.72463e-07
SP 149 6174 2.46255e-07 1.60674e-10 1.6132e-07
SP 150 6174 2.2911e-07 1.40481e-10 1.50843e-07
SP 151 6174 2.13093e-07 1.22735e-10 1.40994e-07
SP 152 6174 1.98134e-07 1.0715e-10 1.31739e-07
SP 153 6174 1.84167e-07 9.34737e-11 1.23044e-07
SP 154 6174 1.71128e-07 8.148e-11 1.14879e-07
SP 155 6174 1.5896e-07 7.09697e-11 1.07214e-07
SP 156 6174 1.47607e-07 6.17662e-11 1.00021e-07
SP 157 6174 1.37018e-07 5.37131e-11 9.32732e-08
SP 158 6174 1.27143e-07 4.66718e-11 8.69449e-08
SP 159 6174 1.17939e-07 4.05201e-11 8.10125e-08
SP 160 6174 1.0936e-07 3.51498e-11 7.54533e-08
SP 161 6174 1.01369e-07 3.04653e-11 7.02456e-08
SP 162 6174 9.39251e-08 2.63823e-11 6.53692e-08
SP 163 6174 8.69948e-08 2.28266e-11 6.08047e-08
SP 164 6174 8.05442e-08 1.97325e-11 5.65338e-08

SLC_Andean 2 6174 0.0112937 0.000975332 0.00039746
SLC_Andean 3 6174 0.00725054 0.000709613 0.000339022
SLC_Andean 4 6174 0.00489123 0.000481258 0.000279194
SLC_Andean 5 6174 0.00339411 0.000316413 0.000226383
SLC_Andean 6 6174 0.00239455 0.000206698 0.000182972
SLC_Andean 7 6174 0.00170759 0.00013656 0.000148723
SLC_Andean 8 6174 0.00122754 9.24321e-05 0.000122357
SLC_Andean 9 6174 0.000888696 6.46236e-05 0.000102309
SLC_Andean 10 6174 0.000647929 4.68224e-05 8.7085e-05
SLC_Andean 11 6174 0.000476005 3.51145e-05 7.54154e-05
SLC_Andean 12 6174 0.000352717 2.71388e-05 6.62998e-05
SLC_Andean 13 6174 0.000263934 2.14894e-05 5.89969e-05
SLC_Andean 14 6174 0.00019971 1.7331e-05 5.2982e-05
SLC_Andean 15 6174 0.000153009 1.41629e-05 4.78953e-05
SLC_Andean 16 6174 0.000118842 1.16803e-05 4.34954e-05
SLC_Andean 17 6174 9.3665e-05 9.69196e-06 3.96207e-05
SLC_Andean 18 6174 7.4955e-05 8.07409e-06 3.61629e-05
SLC_Andean 19 6174 6.09133e-05 6.74292e-06 3.30476e-05
SLC_Andean 20 6174 5.02558e-05 5.63932e-06 3.02225e-05
SLC_Andean 21 6174 4.20641e-05 4.71986e-06 2.76491e-05
SLC_Andean 22 6174 3.568e-05 3.95138e-06 2.52983e-05
SLC_Andean 23 6174 3.06308e-05 3.30787e-06 2.31468e-05
SLC_Andean 24 6174 2.65758e-05 2.76844e-06 2.11755e-05
SLC_Andean 25 6174 2.32686e-05 2.31603e-06 1.93682e-05
SLC_Andean 26 6174 2.05305e-05 1.93657e-06 1.77106e-05
SLC_Andean 27 6174 1.82309e-05 1.61835e-06 1.61902e-05
SLC_Andean 28 6174 1.62738e-05 1.35158e-06 1.47957e-05
SLC_Andean 29 6174 1.45885e-05 1.12803e-06 1.35169e-05
SLC_Andean 30 6174 1.31219e-05 9.40818e-07 1.23444e-05
SLC_Andean 31 6174 1.18342e-05 7.84122e-07 1.12696e-05
SLC_Andean 32 6174 1.06951e-05 6.53056e-07 1.02847e-05
SLC_Andean 33 6174 9.68088e-06 5.435e-07 9.38245e-06
SLC_Andean 34 6174 8.77335e-06 4.51988e-07 8.55618e-06
SLC_Andean 35 6174 7.95788e-06 3.75602e-07 7.79975e-06
SLC_Andean 36 6174 7.22269e-06 3.11889e-07 7.1075e-06
SLC_Andean 37 6174 6.55816e-06 2.58786e-07 6.47421e-06
SLC_Andean 38 6174 5.95627e-06 2.14558e-07 5.89507e-06
SLC_Andean 39 6174 5.41027e-06 1.7775e-07 5.36564e-06
SLC_Andean 40 6174 4.91438e-06 1.47141e-07 4.88184e-06
SLC_Andean 41 6174 4.46363e-06 1.21706e-07 4.4399e-06
SLC_Andean 42 6174 4.05366e-06 1.00587e-07 4.03635e-06
SLC_Andean 43 6174 3.68062e-06 8.3066e-08 3.66799e-06
SLC_Andean 44 6174 3.3411e-06 6.85408e-08 3.3319e-06
SLC_Andean 45 6174 3.03206e-06 5.6509e-08 3.02535e-06
SLC_Andean 46 6174 2.75076e-06 4.65507e-08 2.74587e-06
SLC_Andean 47 6174 2.49472e-06 3.83152e-08 2.49116e-06
SLC_Andean 48 6174 2.26172e-06 3.151e-08 2.25913e-06
SLC_Andean 49 6174 2.04972e-06 2.58915e-08 2.04784e-06
SLC_Andean 50 6174 1.85688e-06 2.12565e-08 1.85551e-06
SLC_Andean 51 6174 1.68151e-06 1.74361e-08 1.68051e-06
SLC_Andean 52 6174 1.52208e-06 1.42898e-08 1.52135e-06
SLC_Andean 53 6174 1.37719e-06 1.1701e-08 1.37666e-06
SLC_Andean 54 6174 1.24556e-06 9.57259e-09 1.24518e-06
SLC_Andean 55 6174 1.12602e-06 7.82432e-09 1.12574e-06
SLC_Andean 56 6174 1.0175e-06 6.38954e-09 1.01731e-06
SLC_Andean 57 6174 9.19035e-07 5.21308e-09 9.18891e-07
SLC_Andean 58 6174 8.29718e-07 4.24931e-09 8.29614e-07
SLC_Andean 59 6174 7.48736e-07 3.46048e-09 7.48661e-07
SLC_Andean 60 6174 6.75343e-07 2.81544e-09 6.75289e-07
SLC_Andean 61 6174 6.08858e-07 2.28846e-09 6.08819e-07
SLC_Andean 62 6174 5.48656e-07 1.85833e-09 5.48628e-07
SLC_Andean 63 6174 4.94169e-07 1.50759e-09 4.94149e-07
SLC_Andean 64 6174 4.44876e-07 1.22185e-09 4.44862e-07
SLC_Andean 65 6174 4.00303e-07 9.89288e-10 4.00293e-07
SLC_Andean 66 6174 3.60017e-07 8.00195e-10 3.6001e-07
SLC_Andean 67 6174 3.23623e-07 6.46594e-10 3.23618e-07
SLC_Andean 68 6174 2.9076e-07 5.21946e-10 2.90757e-07
SLC_Andean 69 6174 2.61101e-07 4.20895e-10 2.61098e-07
SLC_Andean 70 6174 2.34345e-07 3.39057e-10 2.34344e-07
SLC_Andean 71 6174 2.10222e-07 2.72845e-10 2.1022e-07
SLC_Andean 72 6174 1.88482e-07 2.19331e-10 1.88481e-07
SLC_Andean 73 6174 1.689e-07 1.76125e-10 1.68899e-07
SLC_Andean 74 6174 1.51271e-07 1.41278e-10 1.5127e-07
SLC_Andean 75 6174 1.35408e-07 1.13202e-10 1.35408e-07
SLC_Andean 76 6174 1.21142e-07 9.06055e-11 1.21142e-07
SLC_Andean 77 6174 1.08319e-07 7.24391e-11 1.08319e-07
SLC_Andean 78 6174 9.67986e-08 5.78501e-11 9.67985e-08
SLC_Andean 79 6174 8.64545e-08 4.61468e-11 8.64545e-08
SLC_Andean 80 6174 7.71716e-08 3.67689e-11 7.71715e-08
SLC_Andean 81 6174 6.88455e-08 2.92629e-11 6.88455e-08
SLC_Andean 82 6174 6.13818e-08 2.32619e-11 6.13818e-08
SLC_Andean 83 6174 5.46948e-08 1.84697e-11 5.46948e-08
SLC_Andean 84 6174 4.87073e-08 1.46472e-11 4.87072e-08
SLC_Andean 85 6174 4.33489e-08 1.16017e-11 4.33489e-08
SLC_Andean 86 6174 3.85565e-08 9.1783e-12 3.85565e-08
SLC_Andean 87 6174 3.42728e-08 7.25211e-12 3.42728e-08
SLC_Andean 88 6174 3.04459e-08 5.72301e-12 3.04459e-08
SLC_Andean 89 6174 2.70293e-08 4.51063e-12 2.70293e-08
SLC_Andean 90 6174 2.39808e-08 3.55054e-12 2.39808e-08
SLC_Andean 91 6174 2.12624e-08 2.79121e-12 2.12624e-08
SLC_Andean 92 6174 1.88399e-08 2.19141e-12 1.88399e-08
SLC_Andean 93 6174 1.66824e-08 1.71823e-12 1.66823e-08
SLC_Andean 94 6174 1.4762e-08 1.34543e-12 1.4762e-08
SLC_Andean 95 6174 1.3054e-08 1.05209e-12 1.3054e-08
SLC_Andean 96 6174 1.15357e-08 8.21583e-13 1.15357e-08
SLC_Andean 97 6174 1.01869e-08 6.40695e-13 1.01869e-08
SLC_Andean 98 6174 8.98958e-09 4.98936e-13 8.98958e-09
SLC_Andean 99 6174 7.92737e-09 3.87994e-13 7.92737e-09
SLC_Andean 100 6174 6.98568e-09 3.01289e-13 6.98568e-09
SLC_Andean 101 6174 6.1514e-09 2.33623e-13 6.1514e-09
SLC_Andean 102 6174 5.4128e-09 1.80888e-13 5.4128e-09
SLC_Andean 103 6174 4.75935e-09 1.3985e-13 4.75935e-09
SLC_Andean 104 6174 4.18166e-09 1.0796e-13 4.18166e-09
SLC_Andean 105 6174 3.6713e-09 8.32158e-14 3.6713e-09
SLC_Andean 106 6174 3.22075e-09 6.40445e-14 3.22075e-09
SLC_Andean 107 6174 2.8233e-09 4.92132e-14 2.8233e-09
SLC_Andean 108 6174 2.47295e-09 3.77571e-14 2.47295e-09
SLC_Andean 109 6174 2.16436e-09 2.89217e-14 2.16436e-09
SLC_Andean 110 6174 1.89274e-09 2.21181e-14 1.89274e-09
SLC_Andean 111 6174 1.65386e-09 1.68874e-14 1.65386e-09
SLC_Andean 112 6174 1.44393e-09 1.28724e-14 1.44393e-09
SLC_Andean 113 6174 1.2596e-09 9.79557e-15 1.2596e-09
SLC_Andean 114 6174 1.09786e-09 7.44152e-15 1.09786e-09
SLC_Andean 115 6174 9.56071e-10 5.64348e-15 9.56071e-10
SLC_Andean 116 6174 8.31868e-10 4.27244e-15 8.31868e-10
SLC_Andean 117 6174 7.23163e-10 3.22878e-15 7.23163e-10
SLC_Andean 118 6174 6.28101e-10 2.43571e-15 6.28101e-10
SLC_Andean 119 6174 5.45041e-10 1.83411e-15 5.45041e-10
SLC_Andean 120 6174 4.7253e-10 1.37856e-15 4.7253e-10
SLC_Andean 121 6174 4.09286e-10 1.03424e-15 4.09286e-10
SLC_Andean 122 6174 3.54172e-10 7.74451e-16 3.54172e-10
SLC_Andean 123 6174 3.06186e-10 5.78813e-16 3.06186e-10
SLC_Andean 124 6174 2.64446e-10 4.31757e-16 2.64446e-10
SLC_Andean 125 6174 2.28171e-10 3.21431e-16 2.28171e-10
SLC_Andean 126 6174 1.96676e-10 2.38819e-16 1.96676e-10
SLC_Andean 127 6174 1.69357e-10 1.77081e-16 1.69357e-10
SLC_Andean 128 6174 1.45683e-10 1.31034e-16 1.45683e-10
SLC_Andean 129 6174 1.25188e-10 9.67596e-17 1.25188e-10
SLC_Andean 130 6174 1.07463e-10 7.12994e-17 1.07463e-10
SLC_Andean 131 6174 9.2149e-11 5.24261e-17 9.2149e-11
SLC_Andean 132 6174 7.89313e-11 3.8465e-17 7.89313e-11
SLC_Andean 133 6174 6.7535e-11 2.81595e-17 6.7535e-11
SLC_Andean 134 6174 5.77195e-11 2.05689e-17 5.77195e-11
SLC_Andean 135 6174 4.92745e-11 1.49903e-17 4.92745e-11
SLC_Andean 136 6174 4.20166e-11 1.08996e-17 4.20166e-11
SLC_Andean 137 6174 3.57858e-11 7.90657e-18 3.57858e-11
SLC_Andean 138 6174 3.04427e-11 5.72181e-18 3.04427e-11
SLC_Andean 139 6174 2.58661e-11 4.13075e-18 2.58661e-11
SLC_Andean 140 6174 2.19506e-11 2.9748e-18 2.19506e-11
SLC_Andean 141 6174 1.86045e-11 2.13699e-18 1.86045e-11
SLC_Andean 142 6174 1.57485e-11 1.53125e-18 1.57485e-11
SLC_Andean 143 6174 1.33138e-11 1.09439e-18 1.33138e-11
SLC_Andean 144 6174 1.12408e-11 7.80113e-19 1.12408e-11
SLC_Andean 145 6174 9.47787e-12 5.54611e-19 9.47787e-12
SLC_Andean 146 6174 7.98065e-12 3.93227e-19 7.98065e-12
SLC_Andean 147 6174 6.7107e-12 2.78036e-19 6.7107e-12
SLC_Andean 148 6174 5.63494e-12 1.9604e-19 5.63494e-12
SLC_Andean 149 6174 4.72489e-12 1.37832e-19 4.72489e-12
SLC_Andean 150 6174 3.95608e-12 9.66266e-20 3.95608e-12
SLC_Andean 151 6174 3.30749e-12 6.75402e-20 3.30749e-12
SLC_Andean 152 6174 2.76108e-12 4.70679e-20 2.76108e-12
SLC_Andean 153 6174 2.30142e-12 3.27009e-20 2.30142e-12
SLC_Andean 154 6174 1.91531e-12 2.26487e-20 1.91531e-12
SLC_Andean 155 6174 1.59145e-12 1.56369e-20 1.59145e-12
SLC_Andean 156 6174 1.32022e-12 1.07611e-20 1.32022e-12
SLC_Andean 157 6174 1.09341e-12 7.38133e-21 1.09341e-12
SLC_Andean 158 6174 9.04056e-13 5.04612e-21 9.04056e-13
SLC_Andean 159 6174 7.46218e-13 3.43794e-21 7.46218e-13
SLC_Andean 160 6174 6.14865e-13 2.33414e-21 6.14865e-13
SLC_Andean 161 6174 5.05736e-13 1.57912e-21 5.05736e-13
SLC_Andean 162 6174 4.15223e-13 1.06446e-21 4.15223e-13
SLC_Andean 163 6174 3.40281e-13 7.14893e-22 3.40281e-13
SLC_Andean 164 6174 2.7834e-13 4.78318e-22 2.7834e-13

SLC_non_Andean 2 6174 0.00877058 0.00153587 0.000498762
SLC_non_Andean 3 6174 0.00613746 0.00117858 0.000436913
SLC_non_Andean 4 6174 0.00444622 0.000877247 0.000376945
SLC_non_Andean 5 6174 0.00329886 0.000646401 0.00032357
SLC_non_Andean 6 6174 0.00249286 0.000475514 0.000277523
SLC_non_Andean 7 6174 0.00191278 0.000350914 0.000238406
SLC_non_Andean 8 6174 0.00148747 0.000260496 0.000205408
SLC_non_Andean 9 6174 0.00117076 0.000194791 0.000177624
SLC_non_Andean 10 6174 0.000931686 0.000146807 0.000154202
SLC_non_Andean 11 6174 0.000748963 0.000111524 0.000134401
SLC_non_Andean 12 6174 0.00060769 8.5375e-05 0.000117593
SLC_non_Andean 13 6174 0.000497282 6.58349e-05 0.000103263
SLC_non_Andean 14 6174 0.000410118 5.11121e-05 9.09868e-05
SLC_non_Andean 15 6174 0.000340648 3.9929e-05 8.04194e-05
SLC_non_Andean 16 6174 0.000284784 3.13685e-05 7.12794e-05
SLC_non_Andean 17 6174 0.000239487 2.47677e-05 6.33373e-05
SLC_non_Andean 18 6174 0.000202474 1.96432e-05 5.64057e-05
SLC_non_Andean 19 6174 0.000172012 1.564e-05 5.03309e-05
SLC_non_Andean 20 6174 0.000146775 1.24949e-05 4.49866e-05
SLC_non_Andean 21 6174 0.00012574 1.00114e-05 4.02684e-05
SLC_non_Andean 22 6174 0.000108109 8.04142e-06 3.60897e-05
SLC_non_Andean 23 6174 9.32546e-05 6.47252e-06 3.23782e-05
SLC_non_Andean 24 6174 8.06808e-05 5.21869e-06 2.90735e-05
SLC_non_Andean 25 6174 6.99912e-05 4.21366e-06 2.61244e-05
SLC_non_Andean 26 6174 6.08673e-05 3.40598e-06 2.34876e-05
SLC_non_Andean 27 6174 5.30514e-05 2.75551e-06 2.1126e-05
SLC_non_Andean 28 6174 4.63335e-05 2.2307e-06 1.9008e-05
SLC_non_Andean 29 6174 4.05414e-05 1.80666e-06 1.71062e-05
SLC_non_Andean 30 6174 3.55333e-05 1.46363e-06 1.53968e-05
SLC_non_Andean 31 6174 3.11918e-05 1.18588e-06 1.38591e-05
SLC_non_Andean 32 6174 2.74189e-05 9.60828e-07 1.2475e-05
SLC_non_Andean 33 6174 2.41328e-05 7.78392e-07 1.12284e-05
SLC_non_Andean 34 6174 2.12647e-05 6.30454e-07 1.01052e-05
SLC_non_Andean 35 6174 1.87568e-05 5.10471e-07 9.0929e-06
SLC_non_Andean 36 6174 1.65599e-05 4.13159e-07 8.18041e-06
SLC_non_Andean 37 6174 1.46323e-05 3.34242e-07 7.35779e-06
SLC_non_Andean 38 6174 1.29385e-05 2.70256e-07 6.61613e-06
SLC_non_Andean 39 6174 1.14482e-05 2.18392e-07 5.9475e-06
SLC_non_Andean 40 6174 1.01351e-05 1.76369e-07 5.34475e-06
SLC_non_Andean 41 6174 8.97694e-06 1.42335e-07 4.80145e-06
SLC_non_Andean 42 6174 7.95436e-06 1.14786e-07 4.31183e-06
SLC_non_Andean 43 6174 7.05065e-06 9.24992e-08 3.87067e-06
SLC_non_Andean 44 6174 6.25132e-06 7.44807e-08 3.47327e-06
SLC_non_Andean 45 6174 5.54378e-06 5.99227e-08 3.11539e-06
SLC_non_Andean 46 6174 4.91707e-06 4.81692e-08 2.7932e-06
SLC_non_Andean 47 6174 4.36164e-06 3.86871e-08 2.50322e-06
SLC_non_Andean 48 6174 3.86913e-06 3.10434e-08 2.24234e-06
SLC_non_Andean 49 6174 3.43223e-06 2.48868e-08 2.00771e-06
SLC_non_Andean 50 6174 3.04452e-06 1.99321e-08 1.79677e-06
SLC_non_Andean 51 6174 2.70035e-06 1.59483e-08 1.60722e-06
SLC_non_Andean 52 6174 2.39478e-06 1.2748e-08 1.43694e-06
SLC_non_Andean 53 6174 2.12342e-06 1.01795e-08 1.28405e-06
SLC_non_Andean 54 6174 1.88241e-06 8.12007e-09 1.14682e-06
SLC_non_Andean 55 6174 1.66836e-06 6.47039e-09 1.02372e-06
SLC_non_Andean 56 6174 1.47823e-06 5.15029e-09 9.1334e-07
SLC_non_Andean 57 6174 1.30937e-06 4.09499e-09 8.1441e-07
SLC_non_Andean 58 6174 1.15941e-06 3.25227e-09 7.25789e-07
SLC_non_Andean 59 6174 1.02624e-06 2.58002e-09 6.4644e-07
SLC_non_Andean 60 6174 9.08015e-07 2.04434e-09 5.75431e-07
SLC_non_Andean 61 6174 8.0307e-07 1.61797e-09 5.11919e-07
SLC_non_Andean 62 6174 7.09939e-07 1.27897e-09 4.55142e-07
SLC_non_Andean 63 6174 6.27314e-07 1.00976e-09 4.04414e-07
SLC_non_Andean 64 6174 5.54033e-07 7.96221e-10 3.59115e-07
SLC_non_Andean 65 6174 4.89061e-07 6.27042e-10 3.18687e-07
SLC_non_Andean 66 6174 4.31477e-07 4.93171e-10 2.82628e-07
SLC_non_Andean 67 6174 3.80462e-07 3.87372e-10 2.50484e-07
SLC_non_Andean 68 6174 3.35285e-07 3.03862e-10 2.21848e-07
SLC_non_Andean 69 6174 2.95297e-07 2.38031e-10 1.96351e-07
SLC_non_Andean 70 6174 2.59919e-07 1.86204e-10 1.73665e-07
SLC_non_Andean 71 6174 2.28634e-07 1.45457e-10 1.53491e-07
SLC_non_Andean 72 6174 2.00984e-07 1.13463e-10 1.35564e-07
SLC_non_Andean 73 6174 1.76559e-07 8.83777e-11 1.19643e-07
SLC_non_Andean 74 6174 1.54996e-07 6.87363e-11 1.05514e-07
SLC_non_Andean 75 6174 1.35971e-07 5.33794e-11 9.2983e-08
SLC_non_Andean 76 6174 1.19195e-07 4.13899e-11 8.18774e-08
SLC_non_Andean 77 6174 1.04412e-07 3.20432e-11 7.20418e-08
SLC_non_Andean 78 6174 9.13925e-08 2.47678e-11 6.33374e-08
SLC_non_Andean 79 6174 7.99348e-08 1.91132e-11 5.56396e-08
SLC_non_Andean 80 6174 6.98583e-08 1.47254e-11 4.88371e-08
SLC_non_Andean 81 6174 6.10027e-08 1.13258e-11 4.28303e-08
SLC_non_Andean 82 6174 5.32257e-08 8.69621e-12 3.75303e-08
SLC_non_Andean 83 6174 4.6401e-08 6.66555e-12 3.28575e-08
SLC_non_Andean 84 6174 4.04165e-08 5.10003e-12 2.87411e-08
SLC_non_Andean 85 6174 3.5173e-08 3.89517e-12 2.51177e-08
SLC_non_Andean 86 6174 3.05822e-08 2.9695e-12 2.1931e-08
SLC_non_Andean 87 6174 2.65664e-08 2.25957e-12 1.91307e-08
SLC_non_Andean 88 6174 2.30563e-08 1.7161e-12 1.6672e-08
SLC_non_Andean 89 6174 1.99908e-08 1.30081e-12 1.45152e-08
SLC_non_Andean 90 6174 1.73161e-08 9.84073e-13 1.2625e-08
SLC_non_Andean 91 6174 1.49844e-08 7.42958e-13 1.09698e-08
SLC_non_Andean 92 6174 1.29535e-08 5.59768e-13 9.52184e-09
SLC_non_Andean 93 6174 1.11863e-08 4.20864e-13 8.25634e-09
SLC_non_Andean 94 6174 9.65001e-09 3.15753e-13 7.15139e-09
SLC_non_Andean 95 6174 8.31573e-09 2.36377e-13 6.18756e-09
SLC_non_Andean 96 6174 7.15806e-09 1.76562e-13 5.34768e-09
SLC_non_Andean 97 6174 6.15464e-09 1.31585e-13 4.61657e-09
SLC_non_Andean 98 6174 5.28582e-09 9.78378e-14 3.9808e-09
SLC_non_Andean 99 6174 4.53433e-09 7.25742e-14 3.42853e-09
SLC_non_Andean 100 6174 3.88503e-09 5.37044e-14 2.94932e-09
SLC_non_Andean 101 6174 3.32464e-09 3.9643e-14 2.53396e-09
SLC_non_Andean 102 6174 2.84153e-09 2.91898e-14 2.17437e-09
SLC_non_Andean 103 6174 2.42553e-09 2.14378e-14 1.8634e-09
SLC_non_Andean 104 6174 2.06773e-09 1.57032e-14 1.59482e-09
SLC_non_Andean 105 6174 1.76036e-09 1.14717e-14 1.36311e-09
SLC_non_Andean 106 6174 1.49663e-09 8.35753e-15 1.16347e-09
SLC_non_Andean 107 6174 1.27064e-09 6.07167e-15 9.91678e-10
SLC_non_Andean 108 6174 1.07724e-09 4.39836e-15 8.44038e-10
SLC_non_Andean 109 6174 9.11938e-10 3.17685e-15 7.17324e-10
SLC_non_Andean 110 6174 7.70847e-10 2.28769e-15 6.08717e-10
SLC_non_Andean 111 6174 6.50586e-10 1.64233e-15 5.15759e-10
SLC_non_Andean 112 6174 5.48225e-10 1.17531e-15 4.36308e-10
SLC_non_Andean 113 6174 4.61226e-10 8.38382e-16 3.685e-10
SLC_non_Andean 114 6174 3.87393e-10 5.96063e-16 3.10715e-10
SLC_non_Andean 115 6174 3.24828e-10 4.22345e-16 2.61547e-10
SLC_non_Andean 116 6174 2.71895e-10 2.98215e-16 2.19777e-10
SLC_non_Andean 117 6174 2.27183e-10 2.09817e-16 1.84347e-10
SLC_non_Andean 118 6174 1.89476e-10 1.47081e-16 1.54346e-10
SLC_non_Andean 119 6174 1.57731e-10 1.02716e-16 1.28984e-10
SLC_non_Andean 120 6174 1.31051e-10 7.14557e-17 1.07581e-10
SLC_non_Andean 121 6174 1.08667e-10 4.95118e-17 8.95511e-11
SLC_non_Andean 122 6174 8.99234e-11 3.41667e-17 7.43907e-11
SLC_non_Andean 123 6174 7.42563e-11 2.34785e-17 6.16669e-11
SLC_non_Andean 124 6174 6.11863e-11 1.60641e-17 5.10088e-11
SLC_non_Andean 125 6174 5.03046e-11 1.09422e-17 4.20988e-11
SLC_non_Andean 126 6174 4.12632e-11 7.41923e-18 3.46654e-11
SLC_non_Andean 127 6174 3.37669e-11 5.00673e-18 2.8477e-11
SLC_non_Andean 128 6174 2.7565e-11 3.36223e-18 2.33362e-11
SLC_non_Andean 129 6174 2.24456e-11 2.24652e-18 1.90753e-11
SLC_non_Andean 130 6174 1.82294e-11 1.49325e-18 1.55519e-11
SLC_non_Andean 131 6174 1.47654e-11 9.87224e-19 1.26452e-11
SLC_non_Andean 132 6174 1.19264e-11 6.49057e-19 1.02532e-11
SLC_non_Andean 133 6174 9.60564e-12 4.24276e-19 8.28974e-12
SLC_non_Andean 134 6174 7.71342e-12 2.75693e-19 6.68235e-12
SLC_non_Andean 135 6174 6.17485e-12 1.78041e-19 5.37002e-12
SLC_non_Andean 136 6174 4.92736e-12 1.14243e-19 4.30161e-12
SLC_non_Andean 137 6174 3.91885e-12 7.28202e-20 3.43434e-12
SLC_non_Andean 138 6174 3.10601e-12 4.60972e-20 2.73246e-12
SLC_non_Andean 139 6174 2.45295e-12 2.8972e-20 2.16624e-12
SLC_non_Andean 140 6174 1.92998e-12 1.80732e-20 1.71094e-12
SLC_non_Andean 141 6174 1.51261e-12 1.1187e-20 1.34609e-12
SLC_non_Andean 142 6174 1.1807e-12 6.86855e-21 1.05475e-12
SLC_non_Andean 143 6174 9.17725e-13 4.18156e-21 8.22973e-13
SLC_non_Andean 144 6174 7.10176e-13 2.52328e-21 6.39293e-13
SLC_non_Andean 145 6174 5.47029e-13 1.50859e-21 4.94314e-13
SLC_non_Andean 146 6174 4.19325e-13 8.93236e-22 3.80364e-13
SLC_non_Andean 147 6174 3.19804e-13 5.2353e-22 2.91197e-13
SLC_non_Andean 148 6174 2.42606e-13 3.03583e-22 2.21746e-13
SLC_non_Andean 149 6174 1.83013e-13 1.74074e-22 1.67913e-13
SLC_non_Andean 150 6174 1.37245e-13 9.86393e-23 1.26398e-13
SLC_non_Andean 151 6174 1.02284e-13 5.52006e-23 9.45559e-14
SLC_non_Andean 152 6174 7.57281e-14 3.04865e-23 7.02701e-14
SLC_non_Andean 153 6174 5.56777e-14 1.66037e-23 5.18583e-14
SLC_non_Andean 154 6174 4.06345e-14 8.90975e-24 3.79883e-14
SLC_non_Andean 155 6174 2.94237e-14 4.70638e-24 2.76096e-14
SLC_non_Andean 156 6174 2.11285e-14 2.44468e-24 1.98988e-14
SLC_non_Andean 157 6174 1.5037e-14 1.24732e-24 1.42136e-14
SLC_non_Andean 158 6174 1.05999e-14 6.24313e-25 1.00558e-14
SLC_non_Andean 159 6174 7.39584e-15 3.06118e-25 7.04144e-15
SLC_non_Andean 160 6174 5.10363e-15 1.46809e-25 4.87633e-15
SLC_non_Andean 161 6174 3.48012e-15 6.8742e-26 3.33678e-15
SLC_non_Andean 162 6174 2.34261e-15 3.13638e-26 2.25388e-15
SLC_non_Andean 163 6174 1.55491e-15 1.39118e-26 1.5011e-15
SLC_non_Andean 164 6174 1.01636e-15 5.98354e-27 9.84455e-16

SLL_vintage 2 6174 0.0043033 0.000322918 0.000228698
SLL_vintage 3 6174 0.00263739 0.000204651 0.000182064
SLL_vintage 4 6174 0.00172903 0.000128617 0.000144333
SLL_vintage 5 6174 0.00117778 7.94737e-05 0.000113456
SLL_vintage 6 6174 0.000820735 4.83625e-05 8.85056e-05
SLL_vintage 7 6174 0.000580017 2.90427e-05 6.85859e-05
SLL_vintage 8 6174 0.00041362 1.72364e-05 5.28371e-05
SLL_vintage 9 6174 0.000296729 1.01215e-05 4.04891e-05
SLL_vintage 10 6174 0.000213731 5.88685e-06 3.08786e-05
SLL_vintage 11 6174 0.00015437 3.39451e-06 2.3448e-05
SLL_vintage 12 6174 0.000111699 1.94224e-06 1.77365e-05
SLL_vintage 13 6174 8.09198e-05 1.10356e-06 1.33695e-05
SLL_vintage 14 6174 5.8665e-05 6.23096e-07 1.0046e-05
SLL_vintage 15 6174 4.25475e-05 3.49806e-07 7.52715e-06
SLL_vintage 16 6174 3.08625e-05 1.95358e-07 5.62513e-06
SLL_vintage 17 6174 2.23855e-05 1.08579e-07 4.19363e-06
SLL_vintage 18 6174 1.62335e-05 6.00798e-08 3.11947e-06
SLL_vintage 19 6174 1.17685e-05 3.31054e-08 2.31561e-06
SLL_vintage 20 6174 8.52793e-06 1.81704e-08 1.71553e-06
SLL_vintage 21 6174 6.17657e-06 9.93601e-09 1.26859e-06
SLL_vintage 22 6174 4.47096e-06 5.4139e-09 9.36423e-07
SLL_vintage 23 6174 3.23426e-06 2.9398e-09 6.90042e-07
SLL_vintage 24 6174 2.33801e-06 1.59104e-09 5.07641e-07
SLL_vintage 25 6174 1.68885e-06 8.5829e-10 3.7285e-07
SLL_vintage 26 6174 1.21895e-06 4.6154e-10 2.73414e-07
SLL_vintage 27 6174 8.79049e-07 2.47415e-10 2.00184e-07
SLL_vintage 28 6174 6.33359e-07 1.32221e-10 1.46342e-07
SLL_vintage 29 6174 4.55908e-07 7.04445e-11 1.06817e-07
SLL_vintage 30 6174 3.27851e-07 3.74169e-11 7.78485e-08
SLL_vintage 31 6174 2.3552e-07 1.98137e-11 5.665e-08
SLL_vintage 32 6174 1.69011e-07 1.04603e-11 4.11612e-08
SLL_vintage 33 6174 1.21148e-07 5.50543e-12 2.98615e-08
SLL_vintage 34 6174 8.67395e-08 2.88873e-12 2.16307e-08
SLL_vintage 35 6174 6.20293e-08 1.51105e-12 1.56443e-08
SLL_vintage 36 6174 4.43036e-08 7.8795e-13 1.12971e-08
SLL_vintage 37 6174 3.16029e-08 4.09591e-13 8.14502e-09
SLL_vintage 38 6174 2.25134e-08 2.12237e-13 5.8631e-09
SLL_vintage 39 6174 1.60165e-08 1.09621e-13 4.21369e-09
SLL_vintage 40 6174 1.13786e-08 5.64349e-14 3.02336e-09
SLL_vintage 41 6174 8.07207e-09 2.89579e-14 2.16571e-09
SLL_vintage 42 6174 5.71798e-09 1.48091e-14 1.54875e-09
SLL_vintage 43 6174 4.04431e-09 7.5477e-15 1.10567e-09
SLL_vintage 44 6174 2.85611e-09 3.83353e-15 7.87982e-10
SLL_vintage 45 6174 2.0138e-09 1.94026e-15 5.60591e-10
SLL_vintage 46 6174 1.4176e-09 9.78522e-16 3.98109e-10
SLL_vintage 47 6174 9.96259e-10 4.91708e-16 2.82209e-10
SLL_vintage 48 6174 6.98963e-10 2.46175e-16 1.99682e-10
SLL_vintage 49 6174 4.89537e-10 1.22787e-16 1.41024e-10
SLL_vintage 50 6174 3.42254e-10 6.10107e-17 9.94076e-11
SLL_vintage 51 6174 2.38852e-10 3.01978e-17 6.99366e-11
SLL_vintage 52 6174 1.66384e-10 1.48879e-17 4.91058e-11
SLL_vintage 53 6174 1.15685e-10 7.31048e-18 3.44104e-11
SLL_vintage 54 6174 8.02814e-11 3.57509e-18 2.40636e-11
SLL_vintage 55 6174 5.5604e-11 1.7411e-18 1.6793e-11
SLL_vintage 56 6174 3.84357e-11 8.44355e-19 1.16944e-11
SLL_vintage 57 6174 2.65146e-11 4.07716e-19 8.12635e-12
SLL_vintage 58 6174 1.82533e-11 1.96015e-19 5.63458e-12
SLL_vintage 59 6174 1.25397e-11 9.38184e-20 3.89817e-12
SLL_vintage 60 6174 8.59623e-12 4.4701e-20 2.69076e-12
SLL_vintage 61 6174 5.88009e-12 2.12004e-20 1.85306e-12
SLL_vintage 62 6174 4.01328e-12 1.00077e-20 1.27316e-12
SLL_vintage 63 6174 2.73299e-12 4.70161e-21 8.72649e-13
SLL_vintage 64 6174 1.85687e-12 2.19811e-21 5.9668e-13
SLL_vintage 65 6174 1.25868e-12 1.0226e-21 4.06977e-13
SLL_vintage 66 6174 8.51174e-13 4.73343e-22 2.76888e-13
SLL_vintage 67 6174 5.74215e-13 2.17983e-22 1.87901e-13
SLL_vintage 68 6174 3.86425e-13 9.98636e-23 1.2718e-13
SLL_vintage 69 6174 2.59401e-13 4.55082e-23 8.58542e-14
SLL_vintage 70 6174 1.7369e-13 2.06267e-23 5.78004e-14
SLL_vintage 71 6174 1.16e-13 9.29791e-24 3.88069e-14
SLL_vintage 72 6174 7.72682e-14 4.1679e-24 2.59822e-14
SLL_vintage 73 6174 5.13313e-14 1.85773e-24 1.73463e-14
SLL_vintage 74 6174 3.40082e-14 8.23259e-25 1.15474e-14
SLL_vintage 75 6174 2.2469e-14 3.62692e-25 7.66453e-15
SLL_vintage 76 6174 1.48034e-14 1.58834e-25 5.0721e-15
SLL_vintage 77 6174 9.72521e-15 6.91359e-26 3.34633e-15
SLL_vintage 78 6174 6.37047e-15 2.99073e-26 2.20093e-15
SLL_vintage 79 6174 4.16063e-15 1.28564e-26 1.44303e-15
SLL_vintage 80 6174 2.70919e-15 5.49133e-27 9.43095e-16
SLL_vintage 81 6174 1.75869e-15 2.33028e-27 6.14358e-16
SLL_vintage 82 6174 1.13811e-15 9.82347e-28 3.98886e-16
SLL_vintage 83 6174 7.34187e-16 4.11336e-28 2.58116e-16
SLL_vintage 84 6174 4.72094e-16 1.71063e-28 1.66454e-16
SLL_vintage 85 6174 3.0257e-16 7.0647e-29 1.0697e-16
SLL_vintage 86 6174 1.93275e-16 2.89707e-29 6.85009e-17
SLL_vintage 87 6174 1.23042e-16 1.17952e-29 4.37088e-17
SLL_vintage 88 6174 7.80606e-17 4.76736e-30 2.77879e-17
SLL_vintage 89 6174 4.93501e-17 1.91263e-30 1.76008e-17
SLL_vintage 90 6174 3.10882e-17 7.61573e-31 1.11064e-17
SLL_vintage 91 6174 1.95131e-17 3.00935e-31 6.98157e-18
SLL_vintage 92 6174 1.22027e-17 1.17995e-31 4.37169e-18
SLL_vintage 93 6174 7.60256e-18 4.59028e-32 2.72669e-18
SLL_vintage 94 6174 4.71852e-18 1.77153e-32 1.69391e-18
SLL_vintage 95 6174 2.91723e-18 6.78185e-33 1.04807e-18
SLL_vintage 96 6174 1.79649e-18 2.57509e-33 6.45822e-19
SLL_vintage 97 6174 1.1019e-18 9.69702e-34 3.96311e-19
SLL_vintage 98 6174 6.73117e-19 3.62115e-34 2.42181e-19
SLL_vintage 99 6174 4.09494e-19 1.34085e-34 1.47369e-19
SLL_vintage 100 6174 2.48075e-19 4.92274e-35 8.92936e-20
SLL_vintage 101 6174 1.49647e-19 1.79182e-35 5.38722e-20
SLL_vintage 102 6174 8.98829e-20 6.46577e-36 3.23614e-20
SLL_vintage 103 6174 5.37502e-20 2.31293e-36 1.93552e-20
SLL_vintage 104 6174 3.2e-20 8.20177e-37 1.15258e-20
SLL_vintage 105 6174 1.89653e-20 2.88303e-37 6.83347e-21
SLL_vintage 106 6174 1.11888e-20 1.00458e-37 4.03375e-21
SLL_vintage 107 6174 6.57042e-21 3.46997e-38 2.37072e-21
SLL_vintage 108 6174 3.84028e-21 1.18819e-38 1.38726e-21
SLL_vintage 109 6174 2.23393e-21 4.03357e-39 8.08279e-22
SLL_vintage 110 6174 1.29326e-21 1.3576e-39 4.68924e-22
SLL_vintage 111 6174 7.45056e-22 4.5308e-40 2.70897e-22
SLL_vintage 112 6174 4.27128e-22 1.49951e-40 1.55845e-22
SLL_vintage 113 6174 2.43652e-22 4.92215e-41 8.92882e-23
SLL_vintage 114 6174 1.38294e-22 1.60271e-41 5.095e-23
SLL_vintage 115 6174 7.80986e-23 5.17746e-42 2.89584e-23
SLL_vintage 116 6174 4.38802e-23 1.65964e-42 1.63954e-23
SLL_vintage 117 6174 2.4528e-23 5.27972e-43 9.24745e-24
SLL_vintage 118 6174 1.36399e-23 1.66715e-43 5.19641e-24
SLL_vintage 119 6174 7.54572e-24 5.22586e-44 2.90935e-24
SLL_vintage 120 6174 4.15258e-24 1.62631e-44 1.623e-24
SLL_vintage 121 6174 2.27328e-24 5.02503e-45 9.02165e-25
SLL_vintage 122 6174 1.23792e-24 1.54158e-45 4.99688e-25
SLL_vintage 123 6174 6.70549e-25 4.69532e-46 2.75771e-25
SLL_vintage 124 6174 3.61289e-25 1.41969e-46 1.5164e-25
SLL_vintage 125 6174 1.93622e-25 4.26069e-47 8.30724e-26
SLL_vintage 126 6174 1.0321e-25 1.26889e-47 4.53345e-26
SLL_vintage 127 6174 5.47196e-26 3.74888e-48 2.46415e-26
SLL_vintage 128 6174 2.88539e-26 1.0984e-48 1.33382e-26
SLL_vintage 129 6174 1.51318e-26 3.19027e-49 7.18837e-27
SLL_vintage 130 6174 7.89186e-27 9.18133e-50 3.85629e-27
SLL_vintage 131 6174 4.09304e-27 2.61687e-50 2.05877e-27
SLL_vintage 132 6174 2.11086e-27 7.38292e-51 1.09353e-27
SLL_vintage 133 6174 1.08239e-27 2.06062e-51 5.77718e-28
SLL_vintage 134 6174 5.51788e-28 5.68635e-52 3.03483e-28
SLL_vintage 135 6174 2.79621e-28 1.55048e-52 1.58471e-28
SLL_vintage 136 6174 1.40837e-28 4.1746e-53 8.22289e-29
SLL_vintage 137 6174 7.04912e-29 1.10914e-53 4.23847e-29
SLL_vintage 138 6174 3.50544e-29 2.90583e-54 2.16946e-29
SLL_vintage 139 6174 1.73157e-29 7.50157e-55 1.10228e-29
SLL_vintage 140 6174 8.49417e-30 1.90675e-55 5.5573e-30
SLL_vintage 141 6174 4.13675e-30 4.76812e-56 2.77901e-30
SLL_vintage 142 6174 1.99949e-30 1.17203e-56 1.3778e-30
SLL_vintage 143 6174 9.58849e-31 2.82935e-57 6.76955e-31
SLL_vintage 144 6174 4.56021e-31 6.70155e-58 3.29461e-31
SLL_vintage 145 6174 2.15001e-31 1.55586e-58 1.58746e-31
SLL_vintage 146 6174 1.00442e-31 3.53683e-59 7.56875e-32
SLL_vintage 147 6174 4.64723e-32 7.86348e-60 3.56882e-32
SLL_vintage 148 6174 2.12831e-32 1.70785e-60 1.66319e-32
SLL_vintage 149 6174 9.64228e-33 3.61875e-61 7.65589e-33
SLL_vintage 150 6174 4.3186e-33 7.47036e-62 3.47846e-33
SLL_vintage 151 6174 1.91079e-33 1.50021e-62 1.55881e-33
SLL_vintage 152 6174 8.34543e-34 2.92608e-63 6.8843e-34
SLL_vintage 153 6174 3.59481e-34 5.53332e-64 2.99371e-34
SLL_vintage 154 6174 1.52575e-34 1.01256e-64 1.28064e-34
SLL_vintage 155 6174 6.3741e-35 1.78927e-65 5.38337e-35
SLL_vintage 156 6174 2.61806e-35 3.04613e-66 2.22122e-35
SLL_vintage 157 6174 1.05588e-35 4.98342e-67 8.98422e-36
SLL_vintage 158 6174 4.1755e-36 7.81221e-68 3.55716e-36
SLL_vintage 159 6174 1.61653e-36 1.16978e-68 1.37648e-36
SLL_vintage 160 6174 6.11616e-37 1.6671e-69 5.19634e-37
SLL_vintage 161 6174 2.25712e-37 2.25212e-70 1.90991e-37
SLL_vintage 162 6174 8.10707e-38 2.87083e-71 6.81899e-38
SLL_vintage 163 6174 2.82717e-38 3.43517e-72 2.3588e-38
SLL_vintage 164 6174 9.54628e-39 3.8357e-73 7.88205e-39

SLL_fresh 2 6174 0.00931732 0.000764502 0.000351889
SLL_fresh 3 6174 0.00610051 0.00046945 0.000275747
SLL_fresh 4 6174 0.00431087 0.000297608 0.000219553
SLL_fresh 5 6174 0.00315312 0.00019006 0.000175454
SLL_fresh 6 6174 0.00234182 0.000120699 0.00013982
SLL_fresh 7 6174 0.00174974 7.59095e-05 0.000110883
SLL_fresh 8 6174 0.00130912 4.73125e-05 8.75396e-05
SLL_fresh 9 6174 0.000978503 2.93099e-05 6.89008e-05
SLL_fresh 10 6174 0.000729876 1.81161e-05 5.41687e-05
SLL_fresh 11 6174 0.000543072 1.12164e-05 4.2623e-05
SLL_fresh 12 6174 0.000403057 6.98263e-06 3.363e-05
SLL_fresh 13 6174 0.000298437 4.38496e-06 2.66501e-05
SLL_fresh 14 6174 0.000220518 2.7847e-06 2.12376e-05
SLL_fresh 15 6174 0.00016267 1.79122e-06 1.7033e-05
SLL_fresh 16 6174 0.000119848 1.16777e-06 1.37529e-05
SLL_fresh 17 6174 8.82304e-05 7.71434e-07 1.11781e-05
SLL_fresh 18 6174 6.49369e-05 5.15895e-07 9.14107e-06
SLL_fresh 19 6174 4.78061e-05 3.48758e-07 7.51587e-06
SLL_fresh 20 6174 3.52241e-05 2.37939e-07 6.20796e-06
SLL_fresh 21 6174 2.59907e-05 1.63545e-07 5.14677e-06
SLL_fresh 22 6174 1.92168e-05 1.13068e-07 4.27943e-06
SLL_fresh 23 6174 1.42463e-05 7.85135e-08 3.56606e-06
SLL_fresh 24 6174 1.05961e-05 5.46922e-08 2.97632e-06
SLL_fresh 25 6174 7.91199e-06 3.81806e-08 2.48679e-06
SLL_fresh 26 6174 5.93432e-06 2.669e-08 2.07917e-06
SLL_fresh 27 6174 4.47337e-06 1.86708e-08 1.73899e-06
SLL_fresh 28 6174 3.39063e-06 1.30639e-08 1.45463e-06
SLL_fresh 29 6174 2.58509e-06 9.13937e-09 1.21668e-06
SLL_fresh 30 6174 1.98308e-06 6.39093e-09 1.01742e-06
SLL_fresh 31 6174 1.53091e-06 4.46603e-09 8.50506e-07
SLL_fresh 32 6174 1.18937e-06 3.11829e-09 7.10681e-07
SLL_fresh 33 6174 9.29853e-07 2.17517e-09 5.93558e-07
SLL_fresh 34 6174 7.31409e-07 1.51569e-09 4.95476e-07
SLL_fresh 35 6174 5.78669e-07 1.05496e-09 4.13367e-07
SLL_fresh 36 6174 4.60327e-07 7.33412e-10 3.4466e-07
SLL_fresh 37 6174 3.68031e-07 5.09241e-10 2.87196e-07
SLL_fresh 38 6174 2.95586e-07 3.5314e-10 2.39161e-07
SLL_fresh 39 6174 2.3837e-07 2.44573e-10 1.99031e-07
SLL_fresh 40 6174 1.92922e-07 1.69159e-10 1.65525e-07
SLL_fresh 41 6174 1.56626e-07 1.16842e-10 1.37568e-07
SLL_fresh 42 6174 1.27498e-07 8.05961e-11 1.14255e-07
SLL_fresh 43 6174 1.0402e-07 5.55177e-11 9.48271e-08
SLL_fresh 44 6174 8.50236e-08 3.81896e-11 7.86482e-08
SLL_fresh 45 6174 6.96008e-08 2.62331e-11 6.5184e-08
SLL_fresh 46 6174 5.70435e-08 1.79944e-11 5.39866e-08
SLL_fresh 47 6174 4.67945e-08 1.23256e-11 4.46807e-08
SLL_fresh 48 6174 3.84126e-08 8.43044e-12 3.69523e-08
SLL_fresh 49 6174 3.15464e-08 5.75788e-12 3.05385e-08
SLL_fresh 50 6174 2.59145e-08 3.92681e-12 2.52195e-08
SLL_fresh 51 6174 2.12904e-08 2.67408e-12 2.08115e-08
SLL_fresh 52 6174 1.74909e-08 1.81829e-12 1.71612e-08
SLL_fresh 53 6174 1.43674e-08 1.23453e-12 1.41406e-08
SLL_fresh 54 6174 1.17987e-08 8.36917e-13 1.16428e-08
SLL_fresh 55 6174 9.686e-09 5.66502e-13 9.57894e-09
SLL_fresh 56 6174 7.94834e-09 3.82872e-13 7.87487e-09
SLL_fresh 57 6174 6.51932e-09 2.58364e-13 6.46894e-09
SLL_fresh 58 6174 5.3444e-09 1.74074e-13 5.30987e-09
SLL_fresh 59 6174 4.37869e-09 1.17099e-13 4.35505e-09
SLL_fresh 60 6174 3.58527e-09 7.86469e-14 3.56909e-09
SLL_fresh 61 6174 2.9337e-09 5.27372e-14 2.92264e-09
SLL_fresh 62 6174 2.39891e-09 3.53062e-14 2.39135e-09
SLL_fresh 63 6174 1.96021e-09 2.35983e-14 1.95505e-09
SLL_fresh 64 6174 1.60056e-09 1.5747e-14 1.59704e-09
SLL_fresh 65 6174 1.30592e-09 1.04906e-14 1.30352e-09
SLL_fresh 66 6174 1.06469e-09 6.97711e-15 1.06305e-09
SLL_fresh 67 6174 8.67336e-10 4.63259e-15 8.66221e-10
SLL_fresh 68 6174 7.05995e-10 3.07069e-15 7.05236e-10
SLL_fresh 69 6174 5.74197e-10 2.03192e-15 5.73681e-10
SLL_fresh 70 6174 4.66615e-10 1.34224e-15 4.66264e-10
SLL_fresh 71 6174 3.7887e-10 8.85115e-16 3.78631e-10
SLL_fresh 72 6174 3.07362e-10 5.82651e-16 3.072e-10
SLL_fresh 73 6174 2.49134e-10 3.8287e-16 2.49025e-10
SLL_fresh 74 6174 2.01761e-10 2.51142e-16 2.01686e-10
SLL_fresh 75 6174 1.63251e-10 1.64441e-16 1.632e-10
SLL_fresh 76 6174 1.31973e-10 1.07476e-16 1.31939e-10
SLL_fresh 77 6174 1.06591e-10 7.01165e-17 1.06568e-10
SLL_fresh 78 6174 8.60121e-11 4.56592e-17 8.59965e-11
SLL_fresh 79 6174 6.93422e-11 2.96777e-17 6.93316e-11
SLL_fresh 80 6174 5.58509e-11 1.92538e-17 5.58438e-11
SLL_fresh 81 6174 4.49421e-11 1.24676e-17 4.49373e-11
SLL_fresh 82 6174 3.61297e-11 8.05782e-18 3.61265e-11
SLL_fresh 83 6174 2.90174e-11 5.19778e-18 2.90152e-11
SLL_fresh 84 6174 2.32826e-11 3.34637e-18 2.32811e-11
SLL_fresh 85 6174 1.86629e-11 2.15021e-18 1.86619e-11
SLL_fresh 86 6174 1.49451e-11 1.37888e-18 1.49445e-11
SLL_fresh 87 6174 1.1956e-11 8.82483e-19 1.19556e-11
SLL_fresh 88 6174 9.55512e-12 5.63653e-19 9.55482e-12
SLL_fresh 89 6174 7.62861e-12 3.59282e-19 7.62841e-12
SLL_fresh 90 6174 6.08429e-12 2.28543e-19 6.08416e-12
SLL_fresh 91 6174 4.84758e-12 1.45078e-19 4.8475e-12
SLL_fresh 92 6174 3.85822e-12 9.19027e-20 3.85817e-12
SLL_fresh 93 6174 3.06755e-12 5.80951e-20 3.06751e-12
SLL_fresh 94 6174 2.43632e-12 3.6646e-20 2.4363e-12
SLL_fresh 95 6174 1.93291e-12 2.30665e-20 1.93289e-12
SLL_fresh 96 6174 1.53185e-12 1.44875e-20 1.53184e-12
SLL_fresh 97 6174 1.21269e-12 9.07941e-21 1.21268e-12
SLL_fresh 98 6174 9.58958e-13 5.67755e-21 9.58953e-13
SLL_fresh 99 6174 7.57472e-13 3.54239e-21 7.57469e-13
SLL_fresh 100 6174 5.97647e-13 2.20522e-21 5.97645e-13
SLL_fresh 101 6174 4.71009e-13 1.36969e-21 4.71007e-13
SLL_fresh 102 6174 3.70779e-13 8.48779e-22 3.70778e-13
SLL_fresh 103 6174 2.9154e-13 5.2476e-22 2.91539e-13
SLL_fresh 104 6174 2.28967e-13 3.23676e-22 2.28966e-13
SLL_fresh 105 6174 1.79611e-13 1.99174e-22 1.79611e-13
SLL_fresh 106 6174 1.40727e-13 1.2227e-22 1.40727e-13
SLL_fresh 107 6174 1.10128e-13 7.48786e-23 1.10127e-13
SLL_fresh 108 6174 8.60769e-14 4.57445e-23 8.60768e-14
SLL_fresh 109 6174 6.7196e-14 2.78774e-23 6.71959e-14
SLL_fresh 110 6174 5.23914e-14 1.69468e-23 5.23914e-14
SLL_fresh 111 6174 4.07974e-14 1.02762e-23 4.07974e-14
SLL_fresh 112 6174 3.17288e-14 6.21548e-24 3.17288e-14
SLL_fresh 113 6174 2.46445e-14 3.74978e-24 2.46445e-14
SLL_fresh 114 6174 1.91172e-14 2.25638e-24 1.91172e-14
SLL_fresh 115 6174 1.48101e-14 1.35421e-24 1.48101e-14
SLL_fresh 116 6174 1.14583e-14 8.10605e-25 1.14583e-14
SLL_fresh 117 6174 8.85328e-15 4.83921e-25 8.85328e-15
SLL_fresh 118 6174 6.83126e-15 2.88117e-25 6.83126e-15
SLL_fresh 119 6174 5.26388e-15 1.71072e-25 5.26387e-15
SLL_fresh 120 6174 4.05053e-15 1.01296e-25 4.05053e-15
SLL_fresh 121 6174 3.11253e-15 5.98128e-26 3.11253e-15
SLL_fresh 122 6174 2.38839e-15 3.52189e-26 2.38839e-15
SLL_fresh 123 6174 1.83011e-15 2.06786e-26 1.83011e-15
SLL_fresh 124 6174 1.40031e-15 1.21065e-26 1.40031e-15
SLL_fresh 125 6174 1.0699e-15 7.06725e-27 1.0699e-15
SLL_fresh 126 6174 8.16244e-16 4.11346e-27 8.16244e-16
SLL_fresh 127 6174 6.21803e-16 2.38711e-27 6.21803e-16
SLL_fresh 128 6174 4.72969e-16 1.38112e-27 4.72969e-16
SLL_fresh 129 6174 3.59214e-16 7.9666e-28 3.59214e-16
SLL_fresh 130 6174 2.72399e-16 4.58119e-28 2.72399e-16
SLL_fresh 131 6174 2.06245e-16 2.62624e-28 2.06245e-16
SLL_fresh 132 6174 1.55912e-16 1.50081e-28 1.55912e-16
SLL_fresh 133 6174 1.17675e-16 8.54937e-29 1.17675e-16
SLL_fresh 134 6174 8.86727e-17 4.85452e-29 8.86727e-17
SLL_fresh 135 6174 6.67098e-17 2.74755e-29 6.67098e-17
SLL_fresh 136 6174 5.01042e-17 1.54994e-29 5.01042e-17
SLL_fresh 137 6174 3.75695e-17 8.71442e-30 3.75695e-17
SLL_fresh 138 6174 2.81233e-17 4.88313e-30 2.81233e-17
SLL_fresh 139 6174 2.10162e-17 2.72695e-30 2.10162e-17
SLL_fresh 140 6174 1.56782e-17 1.5176e-30 1.56782e-17
SLL_fresh 141 6174 1.16755e-17 8.41627e-31 1.16755e-17
SLL_fresh 142 6174 8.67942e-18 4.65102e-31 8.67942e-18
SLL_fresh 143 6174 6.44062e-18 2.56108e-31 6.44062e-18
SLL_fresh 144 6174 4.77066e-18 1.40515e-31 4.77066e-18
SLL_fresh 145 6174 3.52723e-18 7.68127e-32 3.52723e-18
SLL_fresh 146 6174 2.60305e-18 4.18341e-32 2.60305e-18
SLL_fresh 147 6174 1.91741e-18 2.26984e-32 1.91741e-18
SLL_fresh 148 6174 1.40968e-18 1.2269e-32 1.40968e-18
SLL_fresh 149 6174 1.0344e-18 6.60611e-33 1.0344e-18
SLL_fresh 150 6174 7.5755e-19 3.54315e-33 7.5755e-19
SLL_fresh 151 6174 5.537e-19 1.89285e-33 5.537e-19
SLL_fresh 152 6174 4.03895e-19 1.00717e-33 4.03895e-19
SLL_fresh 153 6174 2.94023e-19 5.3374e-34 2.94023e-19
SLL_fresh 154 6174 2.13601e-19 2.8169e-34 2.13601e-19
SLL_fresh 155 6174 1.54853e-19 1.48049e-34 1.54853e-19
SLL_fresh 156 6174 1.12026e-19 7.7483e-35 1.12026e-19
SLL_fresh 157 6174 8.08709e-20 4.03786e-35 8.08709e-20
SLL_fresh 158 6174 5.82537e-20 2.09514e-35 5.82537e-20
SLL_fresh 159 6174 4.18698e-20 1.08235e-35 4.18698e-20
SLL_fresh 160 6174 3.0027e-20 5.56662e-36 3.0027e-20
SLL_fresh 161 6174 2.14854e-20 2.85006e-36 2.14854e-20
SLL_fresh 162 6174 1.53385e-20 1.45255e-36 1.53385e-20
SLL_fresh 163 6174 1.09248e-20 7.36872e-37 1.09248e-20
SLL_fresh 164 6174 7.76286e-21 3.72058e-37 7.76286e-21

SLL_processing 2 6174 0.0271616 0.00644795 0.00102194
SLL_processing 3 6174 0.0232707 0.00737047 0.00109261
SLL_processing 4 6174 0.0210014 0.00770706 0.00111728
SLL_processing 5 6174 0.019219 0.00749656 0.00110191
SLL_processing 6 6174 0.017606 0.00693568 0.00105989
SLL_processing 7 6174 0.0160857 0.00620082 0.00100217
SLL_processing 8 6174 0.0146487 0.00541458 0.000936481
SLL_processing 9 6174 0.0133014 0.00465133 0.000867971
SLL_processing 10 6174 0.01205 0.00395059 0.000799922
SLL_processing 11 6174 0.0108973 0.00332933 0.000734336
SLL_processing 12 6174 0.00984222 0.00279101 0.000672353
SLL_processing 13 6174 0.00888134 0.0023317 0.000614544
SLL_processing 14 6174 0.00800939 0.00194391 0.000561119
SLL_processing 15 6174 0.00722021 0.00161884 0.000512057
SLL_processing 16 6174 0.00650729 0.00134763 0.000467199
SLL_processing 17 6174 0.00586408 0.00112207 0.000426311
SLL_processing 18 6174 0.00528429 0.000934828 0.000389119
SLL_processing 19 6174 0.00476197 0.000779544 0.000355334
SLL_processing 20 6174 0.0042916 0.000650807 0.00032467
SLL_processing 21 6174 0.0038681 0.000544059 0.000296852
SLL_processing 22 6174 0.00348683 0.000455496 0.000271618
SLL_processing 23 6174 0.0031436 0.000381959 0.000248728
SLL_processing 24 6174 0.00283459 0.000320835 0.000227959
SLL_processing 25 6174 0.00255637 0.000269966 0.000209108
SLL_processing 26 6174 0.00230585 0.000227575 0.00019199
SLL_processing 27 6174 0.00208025 0.000192196 0.000176437
SLL_processing 28 6174 0.00187707 0.000162625 0.000162297
SLL_processing 29 6174 0.00169405 0.000137869 0.000149434
SLL_processing 30 6174 0.00152916 0.000117108 0.000137724
SLL_processing 31 6174 0.0013806 9.96682e-05 0.000127056
SLL_processing 32 6174 0.00124673 8.49927e-05 0.00011733
SLL_processing 33 6174 0.00112607 7.26212e-05 0.000108455
SLL_processing 34 6174 0.00101732 6.21732e-05 0.00010035
SLL_processing 35 6174 0.000919266 5.33335e-05 9.2943e-05
SLL_processing 36 6174 0.000830858 4.58407e-05 8.61672e-05
SLL_processing 37 6174 0.000751131 3.94778e-05 7.99637e-05
SLL_processing 38 6174 0.000679221 3.40643e-05 7.4279e-05
SLL_processing 39 6174 0.00061435 2.94499e-05 6.90651e-05
SLL_processing 40 6174 0.000555821 2.55093e-05 6.42786e-05
SLL_processing 41 6174 0.000503003 2.21379e-05 5.98804e-05
SLL_processing 42 6174 0.000455331 1.92479e-05 5.58352e-05
SLL_processing 43 6174 0.000412295 1.6766e-05 5.21113e-05
SLL_processing 44 6174 0.000373437 1.46306e-05 4.86797e-05
SLL_processing 45 6174 0.000338344 1.279e-05 4.55147e-05
SLL_processing 46 6174 0.000306645 1.12004e-05 4.25926e-05
SLL_processing 47 6174 0.000278005 9.82524e-06 3.98922e-05
SLL_processing 48 6174 0.000252123 8.6333e-06 3.73943e-05
SLL_processing 49 6174 0.000228729 7.59835e-06 3.50814e-05
SLL_processing 50 6174 0.000207578 6.6981e-06 3.29376e-05
SLL_processing 51 6174 0.00018845 5.91364e-06 3.09488e-05
SLL_processing 52 6174 0.000171148 5.22887e-06 2.91018e-05
SLL_processing 53 6174 0.000155492 4.6301e-06 2.73849e-05
SLL_processing 54 6174 0.000141323 4.10564e-06 2.57874e-05
SLL_processing 55 6174 0.000128496 3.64549e-06 2.42994e-05
SLL_processing 56 6174 0.000116879 3.24111e-06 2.2912e-05
SLL_processing 57 6174 0.000106357 2.88517e-06 2.16173e-05
SLL_processing 58 6174 9.68225e-05 2.57136e-06 2.04079e-05
SLL_processing 59 6174 8.81804e-05 2.29427e-06 1.9277e-05
SLL_processing 60 6174 8.03446e-05 2.04924e-06 1.82185e-05
SLL_processing 61 6174 7.32376e-05 1.83223e-06 1.72269e-05
SLL_processing 62 6174 6.67894e-05 1.63978e-06 1.62971e-05
SLL_processing 63 6174 6.0937e-05 1.46886e-06 1.54243e-05
SLL_processing 64 6174 5.56234e-05 1.31686e-06 1.46045e-05
SLL_processing 65 6174 5.07972e-05 1.18152e-06 1.38337e-05
SLL_processing 66 6174 4.64122e-05 1.06087e-06 1.31083e-05
SLL_processing 67 6174 4.24264e-05 9.53167e-07 1.24251e-05
SLL_processing 68 6174 3.88022e-05 8.56928e-07 1.17812e-05
SLL_processing 69 6174 3.55055e-05 7.70838e-07 1.11737e-05
SLL_processing 70 6174 3.25055e-05 6.93748e-07 1.06003e-05
SLL_processing 71 6174 2.97743e-05 6.2465e-07 1.00585e-05
SLL_processing 72 6174 2.72868e-05 5.6266e-07 9.5464e-06
SLL_processing 73 6174 2.50204e-05 5.06999e-07 9.06192e-06
SLL_processing 74 6174 2.29545e-05 4.56983e-07 8.60333e-06
SLL_processing 75 6174 2.10705e-05 4.12005e-07 8.16899e-06
SLL_processing 76 6174 1.93517e-05 3.71532e-07 7.75737e-06
SLL_processing 77 6174 1.77828e-05 3.35089e-07 7.3671e-06
SLL_processing 78 6174 1.63502e-05 3.02257e-07 6.99689e-06
SLL_processing 79 6174 1.50413e-05 2.72663e-07 6.64554e-06
SLL_processing 80 6174 1.38449e-05 2.45977e-07 6.31195e-06
SLL_processing 81 6174 1.27509e-05 2.21902e-07 5.99512e-06
SLL_processing 82 6174 1.17499e-05 2.00177e-07 5.69408e-06
SLL_processing 83 6174 1.08336e-05 1.80565e-07 5.40797e-06
SLL_processing 84 6174 9.99447e-06 1.62858e-07 5.13596e-06
SLL_processing 85 6174 9.22551e-06 1.46867e-07 4.87729e-06
SLL_processing 86 6174 8.52053e-06 1.32424e-07 4.63127e-06
SLL_processing 87 6174 7.87385e-06 1.19377e-07 4.39721e-06
SLL_processing 88 6174 7.28034e-06 1.07592e-07 4.17451e-06
SLL_processing 89 6174 6.73533e-06 9.69449e-08 3.96259e-06
SLL_processing 90 6174 6.23456e-06 8.73273e-08 3.7609e-06
SLL_processing 91 6174 5.77421e-06 7.864e-08 3.56893e-06
SLL_processing 92 6174 5.35075e-06 7.07936e-08 3.38621e-06
SLL_processing 93 6174 4.96101e-06 6.37078e-08 3.21228e-06
SLL_processing 94 6174 4.6021e-06 5.73099e-08 3.04671e-06
SLL_processing 95 6174 4.27138e-06 5.15343e-08 2.88912e-06
SLL_processing 96 6174 3.96645e-06 4.63217e-08 2.73911e-06
SLL_processing 97 6174 3.68514e-06 4.16184e-08 2.59633e-06
SLL_processing 98 6174 3.42547e-06 3.73759e-08 2.46044e-06
SLL_processing 99 6174 3.18561e-06 3.35502e-08 2.33112e-06
SLL_processing 100 6174 2.96392e-06 3.01016e-08 2.20806e-06
SLL_processing 101 6174 2.7589e-06 2.6994e-08 2.09098e-06
SLL_processing 102 6174 2.56919e-06 2.41947e-08 1.9796e-06
SLL_processing 103 6174 2.39352e-06 2.16743e-08 1.87365e-06
SLL_processing 104 6174 2.23077e-06 1.94059e-08 1.7729e-06
SLL_processing 105 6174 2.07988e-06 1.73652e-08 1.67709e-06
SLL_processing 106 6174 1.93991e-06 1.55303e-08 1.58601e-06
SLL_processing 107 6174 1.80999e-06 1.38811e-08 1.49944e-06
SLL_processing 108 6174 1.68933e-06 1.23997e-08 1.41717e-06
SLL_processing 109 6174 1.5772e-06 1.10697e-08 1.33901e-06
SLL_processing 110 6174 1.47294e-06 9.87614e-09 1.26477e-06
SLL_processing 111 6174 1.37593e-06 8.80573e-09 1.19426e-06
SLL_processing 112 6174 1.28563e-06 7.84628e-09 1.12732e-06
SLL_processing 113 6174 1.20153e-06 6.98678e-09 1.06379e-06
SLL_processing 114 6174 1.12315e-06 6.21729e-09 1.0035e-06
SLL_processing 115 6174 1.05007e-06 5.52879e-09 9.46306e-07
SLL_processing 116 6174 9.81898e-07 4.91314e-09 8.92065e-07
SLL_processing 117 6174 9.18274e-07 4.363e-09 8.40638e-07
SLL_processing 118 6174 8.58866e-07 3.87169e-09 7.91894e-07
SLL_processing 119 6174 8.03371e-07 3.43324e-09 7.45707e-07
SLL_processing 120 6174 7.51508e-07 3.0422e-09 7.01957e-07
SLL_processing 121 6174 7.0302e-07 2.69369e-09 6.60527e-07
SLL_processing 122 6174 6.57672e-07 2.38331e-09 6.21308e-07
SLL_processing 123 6174 6.15244e-07 2.10708e-09 5.84194e-07
SLL_processing 124 6174 5.75536e-07 1.86141e-09 5.49083e-07
SLL_processing 125 6174 5.38362e-07 1.64309e-09 5.15878e-07
SLL_processing 126 6174 5.03551e-07 1.44922e-09 4.84488e-07
SLL_processing 127 6174 4.70945e-07 1.27718e-09 4.54823e-07
SLL_processing 128 6174 4.40397e-07 1.12464e-09 4.26799e-07
SLL_processing 129 6174 4.11772e-07 9.89494e-10 4.00335e-07
SLL_processing 130 6174 3.84945e-07 8.6985e-10 3.75352e-07
SLL_processing 131 6174 3.598e-07 7.64017e-10 3.51778e-07
SLL_processing 132 6174 3.36227e-07 6.70475e-10 3.2954e-07
SLL_processing 133 6174 3.14129e-07 5.87867e-10 3.08572e-07
SLL_processing 134 6174 2.9341e-07 5.14975e-10 2.88808e-07
SLL_processing 135 6174 2.73985e-07 4.50711e-10 2.70188e-07
SLL_processing 136 6174 2.55773e-07 3.94103e-10 2.52651e-07
SLL_processing 137 6174 2.38699e-07 3.44283e-10 2.36143e-07
SLL_processing 138 6174 2.22693e-07 3.00475e-10 2.20608e-07
SLL_processing 139 6174 2.07689e-07 2.61989e-10 2.05996e-07
SLL_processing 140 6174 1.93626e-07 2.28209e-10 1.92258e-07
SLL_processing 141 6174 1.80448e-07 1.98588e-10 1.79347e-07
SLL_processing 142 6174 1.681e-07 1.72637e-10 1.67218e-07
SLL_processing 143 6174 1.56533e-07 1.49924e-10 1.55831e-07
SLL_processing 144 6174 1.457e-07 1.30065e-10 1.45143e-07
SLL_processing 145 6174 1.35556e-07 1.12717e-10 1.35118e-07
SLL_processing 146 6174 1.2606e-07 9.75788e-11 1.25717e-07
SLL_processing 147 6174 1.17174e-07 8.43818e-11 1.16907e-07
SLL_processing 148 6174 1.0886e-07 7.28892e-11 1.08655e-07
SLL_processing 149 6174 1.01086e-07 6.28913e-11 1.00928e-07
SLL_processing 150 6174 9.38174e-08 5.4203e-11 9.36976e-08
SLL_processing 151 6174 8.70251e-08 4.6661e-11 8.69348e-08
SLL_processing 152 6174 8.06802e-08 4.01212e-11 8.06127e-08
SLL_processing 153 6174 7.47556e-08 3.44568e-11 7.47058e-08
SLL_processing 154 6174 6.92261e-08 2.95562e-11 6.91896e-08
SLL_processing 155 6174 6.40676e-08 2.53213e-11 6.40412e-08
SLL_processing 156 6174 5.92575e-08 2.16659e-11 5.92387e-08
SLL_processing 157 6174 5.47746e-08 1.85146e-11 5.47613e-08
SLL_processing 158 6174 5.05988e-08 1.58011e-11 5.05896e-08
SLL_processing 159 6174 4.6711e-08 1.34675e-11 4.67047e-08
SLL_processing 160 6174 4.30934e-08 1.14631e-11 4.30892e-08
SLL_processing 161 6174 3.97292e-08 9.74374e-12 3.97264e-08
SLL_processing 162 6174 3.66024e-08 8.27072e-12 3.66006e-08
SLL_processing 163 6174 3.3698e-08 7.01044e-12 3.36969e-08
SLL_processing 164 6174 3.10018e-08 5.93364e-12 3.10011e-08

others 2 6174 0.0200634 0.00107529 0.00041733
others 3 6174 0.0131768 0.000888929 0.000379446
others 4 6174 0.00914036 0.000696127 0.000335785
others 5 6174 0.0065722 0.000528485 0.000292572
others 6 6174 0.00483354 0.00039306 0.000252317
others 7 6174 0.00360734 0.000288399 0.000216129
others 8 6174 0.00271975 0.000209806 0.000184342
others 9 6174 0.00206637 0.000151872 0.00015684
others 10 6174 0.00157994 0.00010966 0.000133273
others 11 6174 0.00121485 7.91142e-05 0.000113199
others 12 6174 0.000939097 5.7091e-05 9.61613e-05
others 13 6174 0.000729697 4.12371e-05 8.17261e-05
others 14 6174 0.000569904 2.98263e-05 6.95051e-05
others 15 6174 0.000447386 2.16076e-05 5.91588e-05
others 16 6174 0.000353001 1.56804e-05 5.0396e-05
others 17 6174 0.000279938 1.13993e-05 4.2969e-05
others 18 6174 0.0002231 8.30165e-06 3.6669e-05
others 19 6174 0.000178663 6.05629e-06 3.13199e-05
others 20 6174 0.000143743 4.42576e-06 2.67738e-05
others 21 6174 0.000116162 3.23956e-06 2.29065e-05
others 22 6174 9.42673e-05 2.37509e-06 1.96136e-05
others 23 6174 7.68e-05 1.744e-06 1.6807e-05
others 24 6174 6.27976e-05 1.28252e-06 1.44128e-05
others 25 6174 5.15207e-05 9.4452e-07 1.23686e-05
others 26 6174 4.23987e-05 6.96566e-07 1.06218e-05
others 27 6174 3.49894e-05 5.14393e-07 9.12776e-06
others 28 6174 2.89477e-05 3.80351e-07 7.8489e-06
others 29 6174 2.40037e-05 2.81582e-07 6.75335e-06
others 30 6174 1.99446e-05 2.08704e-07 5.81409e-06
others 31 6174 1.6602e-05 1.54857e-07 5.00821e-06
others 32 6174 1.38419e-05 1.15021e-07 4.31624e-06
others 33 6174 1.15572e-05 8.55147e-08 3.72166e-06
others 34 6174 9.66184e-06 6.36334e-08 3.2104e-06
others 35 6174 8.08638e-06 4.73889e-08 2.77048e-06
others 36 6174 6.77452e-06 3.53168e-08 2.3917e-06
others 37 6174 5.68043e-06 2.63367e-08 2.06537e-06
others 38 6174 4.76671e-06 1.96508e-08 1.78405e-06
others 39 6174 4.00267e-06 1.46689e-08 1.5414e-06
others 40 6174 3.3631e-06 1.09542e-08 1.33201e-06
others 41 6174 2.8272e-06 8.18245e-09 1.15122e-06
others 42 6174 2.3778e-06 6.11325e-09 9.95068e-07
others 43 6174 2.00065e-06 4.56779e-09 8.60141e-07
others 44 6174 1.68392e-06 3.41309e-09 7.43516e-07
others 45 6174 1.41778e-06 2.55011e-09 6.42682e-07
others 46 6174 1.19403e-06 1.90504e-09 5.5548e-07
others 47 6174 1.00583e-06 1.4228e-09 4.80052e-07
others 48 6174 8.47475e-07 1.06229e-09 4.148e-07
others 49 6174 7.1418e-07 7.92817e-10 3.58346e-07
others 50 6174 6.01944e-07 5.91417e-10 3.09502e-07
others 51 6174 5.07414e-07 4.40935e-10 2.67242e-07
others 52 6174 4.27777e-07 3.28538e-10 2.3068e-07
others 53 6174 3.60671e-07 2.44622e-10 1.99051e-07
others 54 6174 3.04114e-07 1.82002e-10 1.71694e-07
others 55 6174 2.56439e-07 1.353e-10 1.48036e-07
others 56 6174 2.16245e-07 1.00493e-10 1.27581e-07
others 57 6174 1.82354e-07 7.45702e-11 1.099e-07
others 58 6174 1.53774e-07 5.52788e-11 9.46229e-08
others 59 6174 1.29671e-07 4.09349e-11 8.14261e-08
others 60 6174 1.09342e-07 3.02794e-11 7.0031e-08
others 61 6174 9.21949e-08 2.23717e-11 6.01958e-08
others 62 6174 7.77311e-08 1.65092e-11 5.17106e-08
others 63 6174 6.55303e-08 1.21677e-11 4.43936e-08
others 64 6174 5.52383e-08 8.95627e-12 3.80873e-08
others 65 6174 4.65567e-08 6.58361e-12 3.26549e-08
others 66 6174 3.92335e-08 4.83283e-12 2.7978e-08
others 67 6174 3.30565e-08 3.54258e-12 2.39539e-08
others 68 6174 2.78466e-08 2.59301e-12 2.04936e-08
others 69 6174 2.34527e-08 1.89513e-12 1.75201e-08
others 70 6174 1.97474e-08 1.38294e-12 1.49665e-08
others 71 6174 1.66232e-08 1.0076e-12 1.2775e-08
others 72 6174 1.39892e-08 7.32951e-13 1.08957e-08
others 73 6174 1.17689e-08 5.32291e-13 9.2852e-09
others 74 6174 9.89776e-09 3.85919e-13 7.90614e-09
others 75 6174 8.32108e-09 2.7932e-13 6.72617e-09
others 76 6174 6.99287e-09 2.01815e-13 5.71733e-09
others 77 6174 5.87425e-09 1.45557e-13 4.8555e-09
others 78 6174 4.93241e-09 1.04793e-13 4.11986e-09
others 79 6174 4.13966e-09 7.53069e-14 3.49248e-09
others 80 6174 3.47262e-09 5.40165e-14 2.95788e-09
others 81 6174 2.91155e-09 3.86719e-14 2.50273e-09
others 82 6174 2.43981e-09 2.7633e-14 2.11559e-09
others 83 6174 2.04332e-09 1.97065e-14 1.78658e-09
others 84 6174 1.71024e-09 1.40258e-14 1.50723e-09
others 85 6174 1.43056e-09 9.96254e-15 1.27029e-09
others 86 6174 1.19583e-09 7.0619e-15 1.06949e-09
others 87 6174 9.98931e-10 4.99538e-15 8.995e-10
others 88 6174 8.33857e-10 3.52614e-15 7.55729e-10
others 89 6174 6.95547e-10 2.48369e-15 6.34258e-10
others 90 6174 5.79731e-10 1.74563e-15 5.31732e-10
others 91 6174 4.82815e-10 1.22419e-15 4.45287e-10
others 92 6174 4.01769e-10 8.56583e-16 3.72479e-10
others 93 6174 3.34042e-10 5.98004e-16 3.11221e-10
others 94 6174 2.77487e-10 4.16521e-16 2.59738e-10
others 95 6174 2.30297e-10 2.89436e-16 2.16518e-10
others 96 6174 1.90953e-10 2.00649e-16 1.80275e-10
others 97 6174 1.58177e-10 1.38763e-16 1.49918e-10
others 98 6174 1.30897e-10 9.57306e-17 1.24521e-10
others 99 6174 1.0821e-10 6.58792e-17 1.03298e-10
others 100 6174 8.93615e-11 4.52223e-17 8.55841e-11
others 101 6174 7.37162e-11 3.09632e-17 7.08174e-11
others 102 6174 6.07426e-11 2.11453e-17 5.85225e-11
others 103 6174 4.99953e-11 1.44024e-17 4.82986e-11
others 104 6174 4.11015e-11 9.78359e-18 3.98076e-11
others 105 6174 3.37494e-11 6.62799e-18 3.27648e-11
others 106 6174 2.76785e-11 4.47784e-18 2.69309e-11
others 107 6174 2.26712e-11 3.01676e-18 2.21048e-11
others 108 6174 1.85459e-11 2.02665e-18 1.81178e-11
others 109 6174 1.51513e-11 1.35758e-18 1.48286e-11
others 110 6174 1.23615e-11 9.06728e-19 1.21187e-11
others 111 6174 1.00715e-11 6.03805e-19 9.88929e-12
others 112 6174 8.19421e-12 4.0087e-19 8.05783e-12
others 113 6174 6.6573e-12 2.65323e-19 6.55548e-12
others 114 6174 5.40073e-12 1.75062e-19 5.32491e-12
others 115 6174 4.37479e-12 1.15141e-19 4.31848e-12
others 116 6174 3.53834e-12 7.54858e-20 3.49663e-12
others 117 6174 2.85735e-12 4.93263e-20 2.82654e-12
others 118 6174 2.30376e-12 3.2125e-20 2.28107e-12
others 119 6174 1.85441e-12 2.08514e-20 1.83774e-12
others 120 6174 1.49023e-12 1.34875e-20 1.47803e-12
others 121 6174 1.19555e-12 8.69365e-21 1.18664e-12
others 122 6174 9.5748e-13 5.58373e-21 9.50997e-13
others 123 6174 7.6547e-13 3.5733e-21 7.60767e-13
others 124 6174 6.10867e-13 2.2783e-21 6.07466e-13
others 125 6174 4.86596e-13 1.44717e-21 4.84145e-13
others 126 6174 3.86882e-13 9.1572e-22 3.85122e-13
others 127 6174 3.07015e-13 5.77184e-22 3.05755e-13
others 128 6174 2.43162e-13 3.62361e-22 2.42263e-13
others 129 6174 1.92206e-13 2.26575e-22 1.91568e-13
others 130 6174 1.51621e-13 1.4109e-22 1.51169e-13
others 131 6174 1.19359e-13 8.7489e-23 1.1904e-13
others 132 6174 9.37629e-14 5.40199e-23 9.35392e-14
others 133 6174 7.34974e-14 3.32093e-23 7.3341e-14
others 134 6174 5.74855e-14 2.03252e-23 5.73765e-14
others 135 6174 4.4861e-14 1.23834e-23 4.47854e-14
others 136 6174 3.49288e-14 7.50994e-24 3.48767e-14
others 137 6174 2.7132e-14 4.53297e-24 2.70962e-14
others 138 6174 2.10253e-14 2.72294e-24 2.10008e-14
others 139 6174 1.62533e-14 1.62763e-24 1.62366e-14
others 140 6174 1.2533e-14 9.68047e-25 1.25217e-14
others 141 6174 9.63972e-15 5.72809e-25 9.63211e-15
others 142 6174 7.39504e-15 3.3717e-25 7.38994e-15
others 143 6174 5.65796e-15 1.97408e-25 5.65456e-15
others 144 6174 4.31714e-15 1.14949e-25 4.31489e-15
others 145 6174 3.2849e-15 6.65609e-26 3.28342e-15
others 146 6174 2.49236e-15 3.83222e-26 2.49139e-15
others 147 6174 1.88553e-15 2.19353e-26 1.8849e-15
others 148 6174 1.4222e-15 1.24807e-26 1.42179e-15
others 149 6174 1.06945e-15 7.05786e-27 1.06919e-15
others 150 6174 8.01678e-16 3.96631e-27 8.01512e-16
others 151 6174 5.99031e-16 2.21469e-27 5.98926e-16
others 152 6174 4.46141e-16 1.22852e-27 4.46076e-16
others 153 6174 3.31157e-16 6.76905e-28 3.31116e-16
others 154 6174 2.44961e-16 3.70401e-28 2.44936e-16
others 155 6174 1.80561e-16 2.01253e-28 1.80546e-16
others 156 6174 1.32609e-16 1.08556e-28 1.326e-16
others 157 6174 9.703e-17 5.81205e-29 9.70245e-17
others 158 6174 7.07256e-17 3.08802e-29 7.07223e-17
others 159 6174 5.13501e-17 1.62786e-29 5.13481e-17
others 160 6174 3.71323e-17 8.51225e-30 3.71312e-17
others 161 6174 2.674e-17 4.41435e-30 2.67393e-17
others 162 6174 1.91742e-17 2.26977e-30 1.91738e-17
others 163 6174 1.36888e-17 1.15687e-30 1.36886e-17
others 164 6174 9.72863e-18 5.84332e-31 9.72852e-18

