SP 2 3188 1.22096 0.0384138 0.00347124
SP 3 3188 1.33144 0.086431 0.00520686
SP 4 3188 1.39851 0.12029 0.00614266
SP 5 3188 1.44386 0.142634 0.00668886
SP 6 3188 1.4767 0.157588 0.00703076
SP 7 3188 1.5016 0.167893 0.007257
SP 8 3188 1.52114 0.175188 0.00741298
SP 9 3188 1.5369 0.180459 0.00752368
SP 10 3188 1.54989 0.184323 0.00760381
SP 11 3188 1.5608 0.18718 0.00766251
SP 12 3188 1.57011 0.1893 0.00770577
SP 13 3188 1.57817 0.19087 0.00773766
SP 14 3188 1.58523 0.192023 0.007761
SP 15 3188 1.59148 0.192857 0.00777784
SP 16 3188 1.59707 0.193444 0.00778966
SP 17 3188 1.60211 0.193837 0.00779757
SP 18 3188 1.6067 0.194078 0.00780241
SP 19 3188 1.61089 0.194198 0.00780482
SP 20 3188 1.61476 0.194221 0.0078053
SP 21 3188 1.61834 0.194168 0.00780423
SP 22 3188 1.62168 0.194054 0.00780193
SP 23 3188 1.6248 0.19389 0.00779862
SP 24 3188 1.62773 0.193686 0.00779452
SP 25 3188 1.63049 0.19345 0.00778978
SP 26 3188 1.63311 0.193189 0.00778452
SP 27 3188 1.63559 0.192907 0.00777885
SP 28 3188 1.63795 0.19261 0.00777285
SP 29 3188 1.6402 0.1923 0.0077666
SP 30 3188 1.64235 0.191981 0.00776014
SP 31 3188 1.64442 0.191654 0.00775354
SP 32 3188 1.6464 0.191323 0.00774683
SP 33 3188 1.64831 0.190987 0.00774004
SP 34 3188 1.65015 0.19065 0.00773321
SP 35 3188 1.65193 0.190312 0.00772634
SP 36 3188 1.65364 0.189974 0.00771948
SP 37 3188 1.6553 0.189637 0.00771263
SP 38 3188 1.65691 0.189301 0.0077058
SP 39 3188 1.65848 0.188968 0.00769901
SP 40 3188 1.66 0.188637 0.00769227
SP 41 3188 1.66147 0.188309 0.00768558
SP 42 3188 1.66291 0.187985 0.00767896
SP 43 3188 1.66431 0.187665 0.00767241
SP 44 3188 1.66567 0.187348 0.00766594
SP 45 3188 1.66701 0.187035 0.00765954
SP 46 3188 1.66831 0.186727 0.00765323
SP 47 3188 1.66958 0.186423 0.007647
SP 48 3188 1.67082 0.186124 0.00764086
SP 49 3188 1.67204 0.185829 0.00763481
SP 50 3188 1.67323 0.185539 0.00762885
SP 51 3188 1.67439 0.185254 0.00762298
SP 52 3188 1.67554 0.184974 0.00761721
SP 53 3188 1.67666 0.184698 0.00761153
SP 54 3188 1.67776 0.184427 0.00760594
SP 55 3188 1.67884 0.184161 0.00760045
SP 56 3188 1.6799 0.183899 0.00759506
SP 57 3188 1.68094 0.183643 0.00758975
SP 58 3188 1.68196 0.183391 0.00758455
SP 59 3188 1.68297 0.183144 0.00757943
SP 60 3188 1.68395 0.182901 0.00757441
SP 61 3188 1.68493 0.182663 0.00756948
SP 62 3188 1.68588 0.18243 0.00756464
SP 63 3188 1.68683 0.182201 0.0075599
SP 64 3188 1.68775 0.181976 0.00755524
SP 65 3188 1.68867 0.181756 0.00755067
SP 66 3188 1.68957 0.181541 0.0075462
SP 67 3188 1.69045 0.18133 0.00754181
SP 68 3188 1.69133 0.181123 0.0075375
SP 69 3188 1.69219 0.18092 0.00753328
SP 70 3188 1.69304 0.180722 0.00752915
SP 71 3188 1.69388 0.180527 0.0075251
SP 72 3188 1.6947 0.180337 0.00752113
SP 73 3188 1.69552 0.180151 0.00751725
SP 74 3188 1.69633 0.179968 0.00751344
SP 75 3188 1.69712 0.17979 0.00750972
SP 76 3188 1.69791 0.179616 0.00750607
SP 77 3188 1.69868 0.179445 0.00750251
SP 78 3188 1.69945 0.179278 0.00749901
SP 79 3188 1.7002 0.179115 0.0074956
SP 80 3188 1.70095 0.178955 0.00749226
SP 81 3188 1.70169 0.178799 0.00748899
SP 82 3188 1.70242 0.178646 0.00748579
SP 83 3188 1.70314 0.178497 0.00748267
SP 84 3188 1.70385 0.178351 0.00747961
SP 85 3188 1.70456 0.178209 0.00747663
SP 86 3188 1.70526 0.17807 0.00747371
SP 87 3188 1.70594 0.177935 0.00747087
SP 88 3188 1.70663 0.177802 0.00746808
SP 89 3188 1.7073 0.177673 0.00746537
SP 90 3188 1.70797 0.177547 0.00746272
SP 91 3188 1.70863 0.177424 0.00746013
SP 92 3188 1.70928 0.177304 0.00745761
SP 93 3188 1.70993 0.177186 0.00745515
SP 94 3188 1.71057 0.177072 0.00745275
SP 95 3188 1.7112 0.176961 0.00745041
SP 96 3188 1.71183 0.176853 0.00744812
SP 97 3188 1.71245 0.176747 0.0074459
SP 98 3188 1.71307 0.176645 0.00744374
SP 99 3188 1.71367 0.176545 0.00744163
SP 100 3188 1.71428 0.176447 0.00743958
SP 101 3188 1.71487 0.176353 0.00743759
SP 102 3188 1.71546 0.176261 0.00743565
SP 103 3188 1.71605 0.176171 0.00743376
SP 104 3188 1.71663 0.176085 0.00743193
SP 105 3188 1.71721 0.176 0.00743015
SP 106 3188 1.71777 0.175918 0.00742842
SP 107 3188 1.71834 0.175839 0.00742674
SP 108 3188 1.7189 0.175762 0.00742511
SP 109 3188 1.71945 0.175687 0.00742353
SP 110 3188 1.72 0.175615 0.00742201
SP 111 3188 1.72055 0.175545 0.00742053
SP 112 3188 1.72108 0.175477 0.00741909
SP 113 3188 1.72162 0.175411 0.00741771
SP 114 3188 1.72215 0.175348 0.00741637
SP 115 3188 1.72267 0.175287 0.00741508
SP 116 3188 1.7232 0.175228 0.00741383
SP 117 3188 1.72371 0.175171 0.00741263
SP 118 3188 1.72422 0.175116 0.00741147
SP 119 3188 1.72473 0.175064 0.00741035
SP 120 3188 1.72523 0.175013 0.00740928
SP 121 3188 1.72573 0.174964 0.00740825
SP 122 3188 1.72623 0.174918 0.00740726
SP 123 3188 1.72672 0.174873 0.00740632
SP 124 3188 1.72721 0.17483 0.00740541
SP 125 3188 1.72769 0.174789 0.00740454
SP 126 3188 1.72817 0.17475 0.00740372
SP 127 3188 1.72864 0.174713 0.00740293
SP 128 3188 1.72911 0.174678 0.00740219
SP 129 3188 1.72958 0.174645 0.00740148
SP 130 3188 1.73005 0.174613 0.00740081
SP 131 3188 1.73051 0.174583 0.00740017
SP 132 3188 1.73096 0.174555 0.00739958
SP 133 3188 1.73142 0.174529 0.00739902
SP 134 3188 1.73187 0.174504 0.00739849
SP 135 3188 1.73231 0.174481 0.00739801
SP 136 3188 1.73275 0.174459 0.00739755
SP 137 3188 1.73319 0.17444 0.00739714
SP 138 3188 1.73363 0.174422 0.00739675
SP 139 3188 1.73406 0.174405 0.00739641
SP 140 3188 1.73449 0.17439 0.00739609
SP 141 3188 1.73492 0.174377 0.00739581
SP 142 3188 1.73534 0.174365 0.00739556
SP 143 3188 1.73576 0.174355 0.00739534
SP 144 3188 1.73618 0.174347 0.00739516
SP 145 3188 1.73659 0.174339 0.00739501
SP 146 3188 1.737 0.174334 0.00739489
SP 147 3188 1.73741 0.17433 0.0073948
SP 148 3188 1.73781 0.174327 0.00739474
SP 149 3188 1.73821 0.174326 0.00739472
SP 150 3188 1.73861 0.174326 0.00739472
SP 151 3188 1.73901 0.174327 0.00739475
SP 152 3188 1.7394 0.17433 0.00739482
SP 153 3188 1.73979 0.174335 0.00739491
SP 154 3188 1.74018 0.17434 0.00739503
SP 155 3188 1.74056 0.174348 0.00739518
SP 156 3188 1.74094 0.174356 0.00739536
SP 157 3188 1.74132 0.174366 0.00739557
SP 158 3188 1.7417 0.174377 0.0073958
SP 159 3188 1.74207 0.174389 0.00739606
SP 160 3188 1.74245 0.174403 0.00739635
SP 161 3188 1.74281 0.174418 0.00739667
SP 162 3188 1.74318 0.174434 0.00739702
SP 163 3188 1.74354 0.174452 0.00739739
SP 164 3188 1.7439 0.17447 0.00739778
SP 165 3188 1.74426 0.17449 0.00739821
SP 166 3188 1.74462 0.174512 0.00739866
SP 167 3188 1.74497 0.174534 0.00739913
SP 168 3188 1.74532 0.174558 0.00739963
SP 169 3188 1.74567 0.174582 0.00740016
SP 170 3188 1.74602 0.174609 0.00740071
SP 171 3188 1.74636 0.174636 0.00740129
SP 172 3188 1.7467 0.174664 0.00740189
SP 173 3188 1.74704 0.174694 0.00740252
SP 174 3188 1.74738 0.174724 0.00740317
SP 175 3188 1.74772 0.174756 0.00740384
SP 176 3188 1.74805 0.174789 0.00740454
SP 177 3188 1.74838 0.174823 0.00740526
SP 178 3188 1.74871 0.174859 0.00740601
SP 179 3188 1.74903 0.174895 0.00740678
SP 180 3188 1.74936 0.174932 0.00740757
SP 181 3188 1.74968 0.174971 0.00740839
SP 182 3188 1.75 0.175011 0.00740923
SP 183 3188 1.75032 0.175051 0.00741009
SP 184 3188 1.75063 0.175093 0.00741097
SP 185 3188 1.75095 0.175136 0.00741188
SP 186 3188 1.75126 0.17518 0.00741281
SP 187 3188 1.75157 0.175225 0.00741376
SP 188 3188 1.75187 0.175271 0.00741474
SP 189 3188 1.75218 0.175318 0.00741574
SP 190 3188 1.75248 0.175366 0.00741675
SP 191 3188 1.75278 0.175415 0.00741779
SP 192 3188 1.75308 0.175466 0.00741886
SP 193 3188 1.75338 0.175517 0.00741994
SP 194 3188 1.75368 0.175569 0.00742105
SP 195 3188 1.75397 0.175623 0.00742217
SP 196 3188 1.75426 0.175677 0.00742332
SP 197 3188 1.75455 0.175732 0.00742449
SP 198 3188 1.75484 0.175789 0.00742568
SP 199 3188 1.75513 0.175846 0.00742689
SP 200 3188 1.75541 0.175904 0.00742812
SP 201 3188 1.75569 0.175964 0.00742938
SP 202 3188 1.75597 0.176024 0.00743065
SP 203 3188 1.75625 0.176085 0.00743195
SP 204 3188 1.75653 0.176148 0.00743326
SP 205 3188 1.75681 0.176211 0.0074346
SP 206 3188 1.75708 0.176276 0.00743596
SP 207 3188 1.75735 0.176341 0.00743733
SP 208 3188 1.75762 0.176407 0.00743873
SP 209 3188 1.75789 0.176475 0.00744015
SP 210 3188 1.75816 0.176543 0.00744159
SP 211 3188 1.75842 0.176612 0.00744305
SP 212 3188 1.75868 0.176682 0.00744453
SP 213 3188 1.75895 0.176754 0.00744603
SP 214 3188 1.75921 0.176826 0.00744755
SP 215 3188 1.75947 0.176899 0.00744909
SP 216 3188 1.75972 0.176973 0.00745066
SP 217 3188 1.75998 0.177048 0.00745224
SP 218 3188 1.76023 0.177124 0.00745384
SP 219 3188 1.76048 0.177202 0.00745546
SP 220 3188 1.76073 0.17728 0.00745711

SLC_Andean 2 3188 1.24136 0.0295993 0.00304706
SLC_Andean 3 3188 1.36204 0.0665984 0.00457059
SLC_Andean 4 3188 1.43916 0.0916691 0.00536232
SLC_Andean 5 3188 1.49451 0.107296 0.00580139
SLC_Andean 6 3188 1.53681 0.117065 0.00605973
SLC_Andean 7 3188 1.57044 0.12328 0.00621853
SLC_Andean 8 3188 1.5979 0.127282 0.00631865
SLC_Andean 9 3188 1.6208 0.129854 0.00638216
SLC_Andean 10 3188 1.64021 0.13147 0.00642177
SLC_Andean 11 3188 1.65687 0.132433 0.00644523
SLC_Andean 12 3188 1.67134 0.132938 0.00645751
SLC_Andean 13 3188 1.68403 0.133118 0.00646189
SLC_Andean 14 3188 1.69525 0.133066 0.00646063
SLC_Andean 15 3188 1.70525 0.132846 0.00645528
SLC_Andean 16 3188 1.71422 0.132504 0.00644697
SLC_Andean 17 3188 1.72231 0.132075 0.00643652
SLC_Andean 18 3188 1.72966 0.131583 0.00642452
SLC_Andean 19 3188 1.73635 0.131047 0.00641141
SLC_Andean 20 3188 1.74249 0.13048 0.00639753
SLC_Andean 21 3188 1.74813 0.129893 0.00638312
SLC_Andean 22 3188 1.75333 0.129293 0.00636838
SLC_Andean 23 3188 1.75816 0.128688 0.00635346
SLC_Andean 24 3188 1.76264 0.128081 0.00633846
SLC_Andean 25 3188 1.76682 0.127476 0.00632348
SLC_Andean 26 3188 1.77073 0.126876 0.00630857
SLC_Andean 27 3188 1.77439 0.126283 0.00629381
SLC_Andean 28 3188 1.77783 0.125698 0.00627921
SLC_Andean 29 3188 1.78107 0.125123 0.00626482
SLC_Andean 30 3188 1.78413 0.124558 0.00625066
SLC_Andean 31 3188 1.78702 0.124004 0.00623675
SLC_Andean 32 3188 1.78976 0.123461 0.00622309
SLC_Andean 33 3188 1.79236 0.122931 0.0062097
SLC_Andean 34 3188 1.79483 0.122412 0.00619659
SLC_Andean 35 3188 1.79718 0.121906 0.00618376
SLC_Andean 36 3188 1.79943 0.121411 0.00617121
SLC_Andean 37 3188 1.80157 0.120929 0.00615894
SLC_Andean 38 3188 1.80362 0.120459 0.00614695
SLC_Andean 39 3188 1.80558 0.12 0.00613525
SLC_Andean 40 3188 1.80746 0.119554 0.00612382
SLC_Andean 41 3188 1.80926 0.119118 0.00611266
SLC_Andean 42 3188 1.811 0.118695 0.00610178
SLC_Andean 43 3188 1.81267 0.118282 0.00609116
SLC_Andean 44 3188 1.81427 0.11788 0.00608081
SLC_Andean 45 3188 1.81582 0.117489 0.00607071
SLC_Andean 46 3188 1.81731 0.117109 0.00606087
SLC_Andean 47 3188 1.81875 0.116738 0.00605128
SLC_Andean 48 3188 1.82015 0.116378 0.00604193
SLC_Andean 49 3188 1.82149 0.116027 0.00603282
SLC_Andean 50 3188 1.8228 0.115686 0.00602395
SLC_Andean 51 3188 1.82406 0.115354 0.0060153
SLC_Andean 52 3188 1.82528 0.115031 0.00600688
SLC_Andean 53 3188 1.82647 0.114717 0.00599868
SLC_Andean 54 3188 1.82762 0.114412 0.00599069
SLC_Andean 55 3188 1.82874 0.114115 0.0059829
SLC_Andean 56 3188 1.82983 0.113826 0.00597533
SLC_Andean 57 3188 1.83088 0.113545 0.00596795
SLC_Andean 58 3188 1.83191 0.113272 0.00596077
SLC_Andean 59 3188 1.83291 0.113006 0.00595377
SLC_Andean 60 3188 1.83388 0.112748 0.00594697
SLC_Andean 61 3188 1.83483 0.112497 0.00594034
SLC_Andean 62 3188 1.83576 0.112253 0.00593389
SLC_Andean 63 3188 1.83666 0.112015 0.00592761
SLC_Andean 64 3188 1.83754 0.111785 0.0059215
SLC_Andean 65 3188 1.83839 0.11156 0.00591555
SLC_Andean 66 3188 1.83923 0.111342 0.00590977
SLC_Andean 67 3188 1.84005 0.11113 0.00590414
SLC_Andean 68 3188 1.84085 0.110924 0.00589866
SLC_Andean 69 3188 1.84163 0.110724 0.00589333
SLC_Andean 70 3188 1.84239 0.110529 0.00588815
SLC_Andean 71 3188 1.84314 0.11034 0.00588311
SLC_Andean 72 3188 1.84387 0.110156 0.00587821
SLC_Andean 73 3188 1.84458 0.109977 0.00587344
SLC_Andean 74 3188 1.84528 0.109804 0.0058688
SLC_Andean 75 3188 1.84596 0.109635 0.00586429
SLC_Andean 76 3188 1.84663 0.109471 0.00585991
SLC_Andean 77 3188 1.84729 0.109312 0.00585565
SLC_Andean 78 3188 1.84793 0.109158 0.00585151
SLC_Andean 79 3188 1.84856 0.109008 0.00584749
SLC_Andean 80 3188 1.84918 0.108862 0.00584358
SLC_Andean 81 3188 1.84979 0.108721 0.00583978
SLC_Andean 82 3188 1.85038 0.108583 0.0058361
SLC_Andean 83 3188 1.85097 0.10845 0.00583251
SLC_Andean 84 3188 1.85154 0.108321 0.00582904
SLC_Andean 85 3188 1.8521 0.108195 0.00582566
SLC_Andean 86 3188 1.85265 0.108074 0.00582238
SLC_Andean 87 3188 1.85319 0.107955 0.0058192
SLC_Andean 88 3188 1.85372 0.107841 0.00581611
SLC_Andean 89 3188 1.85424 0.10773 0.00581312
SLC_Andean 90 3188 1.85475 0.107622 0.00581021
SLC_Andean 91 3188 1.85526 0.107518 0.0058074
SLC_Andean 92 3188 1.85575 0.107417 0.00580467
SLC_Andean 93 3188 1.85624 0.107319 0.00580202
SLC_Andean 94 3188 1.85671 0.107224 0.00579946
SLC_Andean 95 3188 1.85718 0.107133 0.00579698
SLC_Andean 96 3188 1.85764 0.107044 0.00579457
SLC_Andean 97 3188 1.8581 0.106958 0.00579225
SLC_Andean 98 3188 1.85854 0.106875 0.00579
SLC_Andean 99 3188 1.85898 0.106794 0.00578782
SLC_Andean 100 3188 1.85941 0.106717 0.00578571
SLC_Andean 101 3188 1.85983 0.106642 0.00578368
SLC_Andean 102 3188 1.86025 0.106569 0.00578171
SLC_Andean 103 3188 1.86066 0.106499 0.00577981
SLC_Andean 104 3188 1.86106 0.106431 0.00577798
SLC_Andean 105 3188 1.86146 0.106366 0.00577621
SLC_Andean 106 3188 1.86185 0.106303 0.0057745
SLC_Andean 107 3188 1.86224 0.106243 0.00577285
SLC_Andean 108 3188 1.86262 0.106184 0.00577127
SLC_Andean 109 3188 1.86299 0.106128 0.00576974
SLC_Andean 110 3188 1.86335 0.106074 0.00576827
SLC_Andean 111 3188 1.86372 0.106022 0.00576686
SLC_Andean 112 3188 1.86407 0.105972 0.0057655
SLC_Andean 113 3188 1.86442 0.105924 0.0057642
SLC_Andean 114 3188 1.86477 0.105878 0.00576295
SLC_Andean 115 3188 1.86511 0.105834 0.00576174
SLC_Andean 116 3188 1.86544 0.105792 0.00576059
SLC_Andean 117 3188 1.86577 0.105752 0.00575949
SLC_Andean 118 3188 1.86609 0.105713 0.00575844
SLC_Andean 119 3188 1.86641 0.105676 0.00575744
SLC_Andean 120 3188 1.86673 0.105641 0.00575648
SLC_Andean 121 3188 1.86704 0.105607 0.00575556
SLC_Andean 122 3188 1.86734 0.105575 0.00575469
SLC_Andean 123 3188 1.86764 0.105545 0.00575386
SLC_Andean 124 3188 1.86794 0.105516 0.00575307
SLC_Andean 125 3188 1.86823 0.105489 0.00575233
SLC_Andean 126 3188 1.86852 0.105463 0.00575162
SLC_Andean 127 3188 1.8688 0.105438 0.00575096
SLC_Andean 128 3188 1.86908 0.105415 0.00575033
SLC_Andean 129 3188 1.86936 0.105394 0.00574974
SLC_Andean 130 3188 1.86963 0.105374 0.00574919
SLC_Andean 131 3188 1.86989 0.105355 0.00574867
SLC_Andean 132 3188 1.87016 0.105337 0.00574819
SLC_Andean 133 3188 1.87042 0.10532 0.00574774
SLC_Andean 134 3188 1.87067 0.105305 0.00574733
SLC_Andean 135 3188 1.87092 0.105291 0.00574695
SLC_Andean 136 3188 1.87117 0.105279 0.0057466
SLC_Andean 137 3188 1.87142 0.105267 0.00574628
SLC_Andean 138 3188 1.87166 0.105256 0.00574599
SLC_Andean 139 3188 1.87189 0.105247 0.00574573
SLC_Andean 140 3188 1.87213 0.105239 0.0057455
SLC_Andean 141 3188 1.87236 0.105231 0.00574531
SLC_Andean 142 3188 1.87259 0.105225 0.00574513
SLC_Andean 143 3188 1.87281 0.10522 0.00574499
SLC_Andean 144 3188 1.87303 0.105215 0.00574487
SLC_Andean 145 3188 1.87325 0.105212 0.00574478
SLC_Andean 146 3188 1.87346 0.10521 0.00574472
SLC_Andean 147 3188 1.87367 0.105208 0.00574467
SLC_Andean 148 3188 1.87388 0.105208 0.00574466
SLC_Andean 149 3188 1.87409 0.105208 0.00574467
SLC_Andean 150 3188 1.87429 0.105209 0.0057447
SLC_Andean 151 3188 1.87449 0.105211 0.00574475
SLC_Andean 152 3188 1.87468 0.105214 0.00574483
SLC_Andean 153 3188 1.87488 0.105217 0.00574493
SLC_Andean 154 3188 1.87507 0.105222 0.00574505
SLC_Andean 155 3188 1.87525 0.105227 0.00574519
SLC_Andean 156 3188 1.87544 0.105233 0.00574536
SLC_Andean 157 3188 1.87562 0.10524 0.00574554
SLC_Andean 158 3188 1.8758 0.105247 0.00574574
SLC_Andean 159 3188 1.87597 0.105255 0.00574597
SLC_Andean 160 3188 1.87615 0.105264 0.00574621
SLC_Andean 161 3188 1.87632 0.105274 0.00574647
SLC_Andean 162 3188 1.87648 0.105284 0.00574675
SLC_Andean 163 3188 1.87665 0.105295 0.00574705
SLC_Andean 164 3188 1.87681 0.105307 0.00574737
SLC_Andean 165 3188 1.87697 0.105319 0.00574771
SLC_Andean 166 3188 1.87713 0.105332 0.00574806
SLC_Andean 167 3188 1.87728 0.105346 0.00574843
SLC_Andean 168 3188 1.87744 0.10536 0.00574882
SLC_Andean 169 3188 1.87759 0.105375 0.00574922
SLC_Andean 170 3188 1.87773 0.10539 0.00574964

SLC_non_Andean 2 3188 1.14939 0.0289718 0.00301459
SLC_non_Andean 3 3188 1.22408 0.0651866 0.00452189
SLC_non_Andean 4 3188 1.27331 0.0906395 0.00533212
SLC_non_Andean 5 3188 1.30981 0.107362 0.00580318
SLC_non_Andean 6 3188 1.33882 0.118467 0.00609592
SLC_non_Andean 7 3188 1.36293 0.126041 0.00628778
SLC_non_Andean 8 3188 1.38364 0.131347 0.00641877
SLC_non_Andean 9 3188 1.40183 0.135149 0.006511
SLC_non_Andean 10 3188 1.41808 0.137923 0.00657748
SLC_non_Andean 11 3188 1.43281 0.139976 0.00662625
SLC_non_Andean 12 3188 1.44629 0.141513 0.00666252
SLC_non_Andean 13 3188 1.45873 0.142673 0.00668977
SLC_non_Andean 14 3188 1.4703 0.143553 0.00671037
SLC_non_Andean 15 3188 1.4811 0.144223 0.00672603
SLC_non_Andean 16 3188 1.49125 0.144735 0.00673795
SLC_non_Andean 17 3188 1.50081 0.145125 0.00674701
SLC_non_Andean 18 3188 1.50985 0.14542 0.00675387
SLC_non_Andean 19 3188 1.51843 0.145642 0.00675903
SLC_non_Andean 20 3188 1.52658 0.145807 0.00676286
SLC_non_Andean 21 3188 1.53435 0.145927 0.00676563
SLC_non_Andean 22 3188 1.54177 0.146011 0.00676757
SLC_non_Andean 23 3188 1.54886 0.146066 0.00676886
SLC_non_Andean 24 3188 1.55565 0.146099 0.00676962
SLC_non_Andean 25 3188 1.56217 0.146113 0.00676995
SLC_non_Andean 26 3188 1.56842 0.146113 0.00676994
SLC_non_Andean 27 3188 1.57444 0.146101 0.00676966
SLC_non_Andean 28 3188 1.58023 0.146079 0.00676915
SLC_non_Andean 29 3188 1.5858 0.146049 0.00676846
SLC_non_Andean 30 3188 1.59118 0.146012 0.00676761
SLC_non_Andean 31 3188 1.59637 0.14597 0.00676664
SLC_non_Andean 32 3188 1.60138 0.145924 0.00676557
SLC_non_Andean 33 3188 1.60622 0.145874 0.0067644
SLC_non_Andean 34 3188 1.6109 0.14582 0.00676317
SLC_non_Andean 35 3188 1.61543 0.145764 0.00676187
SLC_non_Andean 36 3188 1.61982 0.145706 0.00676051
SLC_non_Andean 37 3188 1.62407 0.145645 0.0067591
SLC_non_Andean 38 3188 1.62819 0.145583 0.00675766
SLC_non_Andean 39 3188 1.63219 0.145519 0.00675617
SLC_non_Andean 40 3188 1.63607 0.145454 0.00675466
SLC_non_Andean 41 3188 1.63983 0.145387 0.00675311
SLC_non_Andean 42 3188 1.64348 0.145319 0.00675153
SLC_non_Andean 43 3188 1.64704 0.14525 0.00674993
SLC_non_Andean 44 3188 1.65049 0.145181 0.00674831
SLC_non_Andean 45 3188 1.65385 0.14511 0.00674667
SLC_non_Andean 46 3188 1.65711 0.145038 0.00674501
SLC_non_Andean 47 3188 1.66029 0.144966 0.00674333
SLC_non_Andean 48 3188 1.66338 0.144893 0.00674163
SLC_non_Andean 49 3188 1.66639 0.14482 0.00673992
SLC_non_Andean 50 3188 1.66933 0.144745 0.00673819
SLC_non_Andean 51 3188 1.67219 0.144671 0.00673645
SLC_non_Andean 52 3188 1.67497 0.144596 0.0067347
SLC_non_Andean 53 3188 1.67769 0.14452 0.00673294
SLC_non_Andean 54 3188 1.68034 0.144444 0.00673117
SLC_non_Andean 55 3188 1.68292 0.144368 0.0067294
SLC_non_Andean 56 3188 1.68544 0.144291 0.00672761
SLC_non_Andean 57 3188 1.68791 0.144215 0.00672582
SLC_non_Andean 58 3188 1.69031 0.144138 0.00672403
SLC_non_Andean 59 3188 1.69266 0.14406 0.00672223
SLC_non_Andean 60 3188 1.69495 0.143983 0.00672043
SLC_non_Andean 61 3188 1.69719 0.143906 0.00671862
SLC_non_Andean 62 3188 1.69938 0.143829 0.00671682
SLC_non_Andean 63 3188 1.70152 0.143751 0.00671502
SLC_non_Andean 64 3188 1.70361 0.143674 0.00671321
SLC_non_Andean 65 3188 1.70566 0.143597 0.00671141
SLC_non_Andean 66 3188 1.70766 0.14352 0.00670962
SLC_non_Andean 67 3188 1.70962 0.143444 0.00670783
SLC_non_Andean 68 3188 1.71154 0.143367 0.00670604
SLC_non_Andean 69 3188 1.71342 0.143291 0.00670426
SLC_non_Andean 70 3188 1.71525 0.143216 0.00670249
SLC_non_Andean 71 3188 1.71705 0.14314 0.00670072
SLC_non_Andean 72 3188 1.71881 0.143065 0.00669896
SLC_non_Andean 73 3188 1.72054 0.14299 0.00669722
SLC_non_Andean 74 3188 1.72223 0.142916 0.00669548
SLC_non_Andean 75 3188 1.72389 0.142843 0.00669376
SLC_non_Andean 76 3188 1.72551 0.14277 0.00669204
SLC_non_Andean 77 3188 1.7271 0.142697 0.00669034
SLC_non_Andean 78 3188 1.72866 0.142625 0.00668866
SLC_non_Andean 79 3188 1.7302 0.142554 0.00668699
SLC_non_Andean 80 3188 1.7317 0.142483 0.00668533
SLC_non_Andean 81 3188 1.73317 0.142413 0.00668369
SLC_non_Andean 82 3188 1.73461 0.142344 0.00668206
SLC_non_Andean 83 3188 1.73603 0.142275 0.00668045
SLC_non_Andean 84 3188 1.73743 0.142208 0.00667886
SLC_non_Andean 85 3188 1.73879 0.142141 0.00667729
SLC_non_Andean 86 3188 1.74013 0.142074 0.00667573
SLC_non_Andean 87 3188 1.74145 0.142009 0.00667419
SLC_non_Andean 88 3188 1.74274 0.141944 0.00667268
SLC_non_Andean 89 3188 1.74401 0.141881 0.00667118
SLC_non_Andean 90 3188 1.74526 0.141818 0.0066697
SLC_non_Andean 91 3188 1.74649 0.141756 0.00666824
SLC_non_Andean 92 3188 1.74769 0.141695 0.00666681
SLC_non_Andean 93 3188 1.74888 0.141635 0.00666539
SLC_non_Andean 94 3188 1.75004 0.141575 0.00666399
SLC_non_Andean 95 3188 1.75119 0.141517 0.00666262
SLC_non_Andean 96 3188 1.75231 0.14146 0.00666127
SLC_non_Andean 97 3188 1.75342 0.141403 0.00665994
SLC_non_Andean 98 3188 1.75451 0.141348 0.00665864
SLC_non_Andean 99 3188 1.75558 0.141293 0.00665735
SLC_non_Andean 100 3188 1.75663 0.14124 0.00665609
SLC_non_Andean 101 3188 1.75767 0.141187 0.00665485
SLC_non_Andean 102 3188 1.75868 0.141136 0.00665364
SLC_non_Andean 103 3188 1.75969 0.141085 0.00665245
SLC_non_Andean 104 3188 1.76067 0.141036 0.00665128
SLC_non_Andean 105 3188 1.76165 0.140987 0.00665013
SLC_non_Andean 106 3188 1.7626 0.140939 0.00664901
SLC_non_Andean 107 3188 1.76354 0.140893 0.00664792
SLC_non_Andean 108 3188 1.76447 0.140847 0.00664684
SLC_non_Andean 109 3188 1.76538 0.140803 0.00664579
SLC_non_Andean 110 3188 1.76628 0.14076 0.00664477
SLC_non_Andean 111 3188 1.76717 0.140717 0.00664376
SLC_non_Andean 112 3188 1.76804 0.140676 0.00664279
SLC_non_Andean 113 3188 1.7689 0.140635 0.00664183
SLC_non_Andean 114 3188 1.76974 0.140596 0.0066409
SLC_non_Andean 115 3188 1.77058 0.140557 0.00664
SLC_non_Andean 116 3188 1.7714 0.14052 0.00663911
SLC_non_Andean 117 3188 1.77221 0.140484 0.00663825
SLC_non_Andean 118 3188 1.77301 0.140448 0.00663742
SLC_non_Andean 119 3188 1.77379 0.140414 0.00663661
SLC_non_Andean 120 3188 1.77457 0.140381 0.00663582
SLC_non_Andean 121 3188 1.77533 0.140348 0.00663505
SLC_non_Andean 122 3188 1.77609 0.140317 0.00663431
SLC_non_Andean 123 3188 1.77683 0.140287 0.0066336
SLC_non_Andean 124 3188 1.77756 0.140257 0.0066329
SLC_non_Andean 125 3188 1.77829 0.140229 0.00663223
SLC_non_Andean 126 3188 1.779 0.140201 0.00663158
SLC_non_Andean 127 3188 1.7797 0.140175 0.00663096
SLC_non_Andean 128 3188 1.7804 0.140149 0.00663035
SLC_non_Andean 129 3188 1.78108 0.140125 0.00662977
SLC_non_Andean 130 3188 1.78176 0.140101 0.00662921
SLC_non_Andean 131 3188 1.78242 0.140079 0.00662868
SLC_non_Andean 132 3188 1.78308 0.140057 0.00662817
SLC_non_Andean 133 3188 1.78373 0.140036 0.00662767
SLC_non_Andean 134 3188 1.78437 0.140016 0.00662721
SLC_non_Andean 135 3188 1.785 0.139998 0.00662676
SLC_non_Andean 136 3188 1.78562 0.13998 0.00662633
SLC_non_Andean 137 3188 1.78624 0.139962 0.00662593
SLC_non_Andean 138 3188 1.78685 0.139946 0.00662554
SLC_non_Andean 139 3188 1.78745 0.139931 0.00662518
SLC_non_Andean 140 3188 1.78804 0.139917 0.00662484
SLC_non_Andean 141 3188 1.78862 0.139903 0.00662452
SLC_non_Andean 142 3188 1.7892 0.13989 0.00662422
SLC_non_Andean 143 3188 1.78977 0.139878 0.00662394
SLC_non_Andean 144 3188 1.79033 0.139867 0.00662368
SLC_non_Andean 145 3188 1.79089 0.139857 0.00662344
SLC_non_Andean 146 3188 1.79144 0.139848 0.00662322
SLC_non_Andean 147 3188 1.79198 0.13984 0.00662302
SLC_non_Andean 148 3188 1.79252 0.139832 0.00662284
SLC_non_Andean 149 3188 1.79305 0.139825 0.00662267
SLC_non_Andean 150 3188 1.79357 0.139819 0.00662253
SLC_non_Andean 151 3188 1.79409 0.139814 0.00662241
SLC_non_Andean 152 3188 1.7946 0.139809 0.0066223
SLC_non_Andean 153 3188 1.7951 0.139806 0.00662221
SLC_non_Andean 154 3188 1.7956 0.139803 0.00662214
SLC_non_Andean 155 3188 1.79609 0.139801 0.00662209
SLC_non_Andean 156 3188 1.79658 0.139799 0.00662206
SLC_non_Andean 157 3188 1.79706 0.139798 0.00662204
SLC_non_Andean 158 3188 1.79754 0.139799 0.00662205
SLC_non_Andean 159 3188 1.79801 0.139799 0.00662206
SLC_non_Andean 160 3188 1.79847 0.139801 0.0066221
SLC_non_Andean 161 3188 1.79893 0.139803 0.00662215
SLC_non_Andean 162 3188 1.79938 0.139806 0.00662222
SLC_non_Andean 163 3188 1.79983 0.13981 0.00662231
SLC_non_Andean 164 3188 1.80027 0.139814 0.00662241
SLC_non_Andean 165 3188 1.80071 0.139819 0.00662253
SLC_non_Andean 166 3188 1.80115 0.139825 0.00662266
SLC_non_Andean 167 3188 1.80157 0.139831 0.00662281
SLC_non_Andean 168 3188 1.802 0.139838 0.00662298
SLC_non_Andean 169 3188 1.80242 0.139845 0.00662316
SLC_non_Andean 170 3188 1.80283 0.139854 0.00662335
SLC_non_Andean 171 3188 1.80324 0.139863 0.00662356
SLC_non_Andean 172 3188 1.80364 0.139872 0.00662379
SLC_non_Andean 173 3188 1.80404 0.139882 0.00662403
SLC_non_Andean 174 3188 1.80444 0.139893 0.00662428
SLC_non_Andean 175 3188 1.80483 0.139904 0.00662455
SLC_non_Andean 176 3188 1.80522 0.139916 0.00662483
SLC_non_Andean 177 3188 1.8056 0.139929 0.00662513
SLC_non_Andean 178 3188 1.80598 0.139942 0.00662544
SLC_non_Andean 179 3188 1.80635 0.139955 0.00662576
SLC_non_Andean 180 3188 1.80672 0.13997 0.0066261
SLC_non_Andean 181 3188 1.80709 0.139984 0.00662645
SLC_non_Andean 182 3188 1.80745 0.14 0.00662681
SLC_non_Andean 183 3188 1.80781 0.140016 0.00662718
SLC_non_Andean 184 3188 1.80817 0.140032 0.00662757
SLC_non_Andean 185 3188 1.80852 0.140049 0.00662797
SLC_non_Andean 186 3188 1.80886 0.140066 0.00662838
SLC_non_Andean 187 3188 1.80921 0.140084 0.00662881
SLC_non_Andean 188 3188 1.80954 0.140103 0.00662924
SLC_non_Andean 189 3188 1.80988 0.140122 0.00662969
SLC_non_Andean 190 3188 1.81021 0.140141 0.00663015
SLC_non_Andean 191 3188 1.81054 0.140161 0.00663062
SLC_non_Andean 192 3188 1.81087 0.140181 0.00663111
SLC_non_Andean 193 3188 1.81119 0.140202 0.0066316
SLC_non_Andean 194 3188 1.8115 0.140224 0.0066321
SLC_non_Andean 195 3188 1.81182 0.140245 0.00663262
SLC_non_Andean 196 3188 1.81213 0.140268 0.00663315
SLC_non_Andean 197 3188 1.81244 0.14029 0.00663368
SLC_non_Andean 198 3188 1.81274 0.140313 0.00663423
SLC_non_Andean 199 3188 1.81304 0.140337 0.00663479
SLC_non_Andean 200 3188 1.81334 0.140361 0.00663536
SLC_non_Andean 201 3188 1.81364 0.140386 0.00663593
SLC_non_Andean 202 3188 1.81393 0.14041 0.00663652
SLC_non_Andean 203 3188 1.81422 0.140436 0.00663712
SLC_non_Andean 204 3188 1.8145 0.140461 0.00663773
SLC_non_Andean 205 3188 1.81479 0.140488 0.00663834
SLC_non_Andean 206 3188 1.81507 0.140514 0.00663897
SLC_non_Andean 207 3188 1.81534 0.140541 0.00663961
SLC_non_Andean 208 3188 1.81562 0.140568 0.00664025
SLC_non_Andean 209 3188 1.81589 0.140596 0.00664091
SLC_non_Andean 210 3188 1.81616 0.140624 0.00664157
SLC_non_Andean 211 3188 1.81642 0.140653 0.00664224
SLC_non_Andean 212 3188 1.81668 0.140681 0.00664292
SLC_non_Andean 213 3188 1.81694 0.140711 0.00664361
SLC_non_Andean 214 3188 1.8172 0.14074 0.00664431
SLC_non_Andean 215 3188 1.81745 0.14077 0.00664502
SLC_non_Andean 216 3188 1.8177 0.1408 0.00664573
SLC_non_Andean 217 3188 1.81795 0.140831 0.00664646
SLC_non_Andean 218 3188 1.8182 0.140862 0.00664719
SLC_non_Andean 219 3188 1.81844 0.140894 0.00664793
SLC_non_Andean 220 3188 1.81868 0.140925 0.00664868
SLC_non_Andean 221 3188 1.81892 0.140957 0.00664944
SLC_non_Andean 222 3188 1.81916 0.14099 0.0066502
SLC_non_Andean 223 3188 1.81939 0.141023 0.00665097
SLC_non_Andean 224 3188 1.81962 0.141056 0.00665175
SLC_non_Andean 225 3188 1.81985 0.141089 0.00665254
SLC_non_Andean 226 3188 1.82007 0.141123 0.00665334
SLC_non_Andean 227 3188 1.8203 0.141157 0.00665414
SLC_non_Andean 228 3188 1.82052 0.141192 0.00665495
SLC_non_Andean 229 3188 1.82074 0.141226 0.00665577
SLC_non_Andean 230 3188 1.82095 0.141261 0.0066566
SLC_non_Andean 231 3188 1.82117 0.141297 0.00665744
SLC_non_Andean 232 3188 1.82138 0.141333 0.00665828
SLC_non_Andean 233 3188 1.82159 0.141369 0.00665913
SLC_non_Andean 234 3188 1.82179 0.141405 0.00665999
SLC_non_Andean 235 3188 1.822 0.141442 0.00666085
SLC_non_Andean 236 3188 1.8222 0.141479 0.00666172
SLC_non_Andean 237 3188 1.8224 0.141516 0.0066626
SLC_non_Andean 238 3188 1.8226 0.141554 0.00666349
SLC_non_Andean 239 3188 1.82279 0.141592 0.00666439
SLC_non_Andean 240 3188 1.82299 0.14163 0.00666529
SLC_non_Andean 241 3188 1.82318 0.141669 0.0066662
SLC_non_Andean 242 3188 1.82337 0.141708 0.00666712

SLL_vintage 2 3188 1.12271 0.0312805 0.0031324
SLL_vintage 3 3188 1.18406 0.0703811 0.00469861
SLL_vintage 4 3188 1.22234 0.0986908 0.0055639
SLL_vintage 5 3188 1.24909 0.118111 0.00608675
SLL_vintage 6 3188 1.26921 0.131747 0.00642852
SLL_vintage 7 3188 1.28515 0.141706 0.00666707
SLL_vintage 8 3188 1.29827 0.149263 0.00684254
SLL_vintage 9 3188 1.30939 0.155189 0.00697705
SLL_vintage 10 3188 1.31903 0.159962 0.00708352
SLL_vintage 11 3188 1.32753 0.163889 0.00716994
SLL_vintage 12 3188 1.33513 0.167177 0.00724152
SLL_vintage 13 3188 1.342 0.16997 0.00730176
SLL_vintage 14 3188 1.34828 0.172371 0.00735313
SLL_vintage 15 3188 1.35406 0.174454 0.00739743
SLL_vintage 16 3188 1.35942 0.176277 0.00743598
SLL_vintage 17 3188 1.36441 0.177883 0.00746979
SLL_vintage 18 3188 1.36909 0.179309 0.00749966
SLL_vintage 19 3188 1.37349 0.18058 0.00752619
SLL_vintage 20 3188 1.37765 0.181719 0.0075499
SLL_vintage 21 3188 1.38159 0.182745 0.00757118
SLL_vintage 22 3188 1.38534 0.183672 0.00759036
SLL_vintage 23 3188 1.38891 0.184514 0.00760773
SLL_vintage 24 3188 1.39233 0.185279 0.0076235
SLL_vintage 25 3188 1.39561 0.185979 0.00763788
SLL_vintage 26 3188 1.39876 0.18662 0.00765102
SLL_vintage 27 3188 1.40179 0.187208 0.00766307
SLL_vintage 28 3188 1.40471 0.18775 0.00767415
SLL_vintage 29 3188 1.40752 0.18825 0.00768437
SLL_vintage 30 3188 1.41025 0.188712 0.0076938
SLL_vintage 31 3188 1.41289 0.189141 0.00770254
SLL_vintage 32 3188 1.41545 0.18954 0.00771065
SLL_vintage 33 3188 1.41793 0.189911 0.00771819
SLL_vintage 34 3188 1.42034 0.190257 0.00772523
SLL_vintage 35 3188 1.42269 0.190581 0.00773179
SLL_vintage 36 3188 1.42497 0.190884 0.00773794
SLL_vintage 37 3188 1.4272 0.191168 0.00774371
SLL_vintage 38 3188 1.42937 0.191436 0.00774912
SLL_vintage 39 3188 1.4315 0.191688 0.00775422
SLL_vintage 40 3188 1.43357 0.191926 0.00775904
SLL_vintage 41 3188 1.43559 0.192151 0.00776359
SLL_vintage 42 3188 1.43757 0.192364 0.00776789
SLL_vintage 43 3188 1.43951 0.192567 0.00777198
SLL_vintage 44 3188 1.44141 0.19276 0.00777588
SLL_vintage 45 3188 1.44327 0.192944 0.00777958
SLL_vintage 46 3188 1.4451 0.19312 0.00778313
SLL_vintage 47 3188 1.44689 0.193288 0.00778652
SLL_vintage 48 3188 1.44865 0.19345 0.00778977
SLL_vintage 49 3188 1.45037 0.193605 0.0077929
SLL_vintage 50 3188 1.45207 0.193755 0.00779592
SLL_vintage 51 3188 1.45373 0.1939 0.00779884
SLL_vintage 52 3188 1.45537 0.19404 0.00780166
SLL_vintage 53 3188 1.45698 0.194177 0.00780439
SLL_vintage 54 3188 1.45856 0.194309 0.00780706
SLL_vintage 55 3188 1.46012 0.194438 0.00780965
SLL_vintage 56 3188 1.46166 0.194564 0.00781218
SLL_vintage 57 3188 1.46317 0.194688 0.00781466
SLL_vintage 58 3188 1.46466 0.194809 0.0078171
SLL_vintage 59 3188 1.46613 0.194928 0.00781949
SLL_vintage 60 3188 1.46757 0.195046 0.00782184
SLL_vintage 61 3188 1.469 0.195162 0.00782416
SLL_vintage 62 3188 1.47041 0.195276 0.00782646
SLL_vintage 63 3188 1.4718 0.19539 0.00782873
SLL_vintage 64 3188 1.47316 0.195502 0.00783099
SLL_vintage 65 3188 1.47452 0.195614 0.00783323
SLL_vintage 66 3188 1.47585 0.195725 0.00783545
SLL_vintage 67 3188 1.47717 0.195836 0.00783767
SLL_vintage 68 3188 1.47847 0.195946 0.00783988
SLL_vintage 69 3188 1.47975 0.196057 0.00784209
SLL_vintage 70 3188 1.48102 0.196167 0.0078443
SLL_vintage 71 3188 1.48228 0.196278 0.00784651
SLL_vintage 72 3188 1.48352 0.196389 0.00784872
SLL_vintage 73 3188 1.48474 0.1965 0.00785094
SLL_vintage 74 3188 1.48595 0.196611 0.00785317
SLL_vintage 75 3188 1.48715 0.196723 0.0078554
SLL_vintage 76 3188 1.48833 0.196835 0.00785764
SLL_vintage 77 3188 1.4895 0.196948 0.0078599
SLL_vintage 78 3188 1.49066 0.197062 0.00786217
SLL_vintage 79 3188 1.49181 0.197177 0.00786445
SLL_vintage 80 3188 1.49294 0.197292 0.00786675
SLL_vintage 81 3188 1.49407 0.197408 0.00786907
SLL_vintage 82 3188 1.49518 0.197525 0.0078714
SLL_vintage 83 3188 1.49627 0.197643 0.00787375
SLL_vintage 84 3188 1.49736 0.197762 0.00787611
SLL_vintage 85 3188 1.49844 0.197881 0.0078785
SLL_vintage 86 3188 1.49951 0.198002 0.0078809
SLL_vintage 87 3188 1.50056 0.198124 0.00788333
SLL_vintage 88 3188 1.50161 0.198247 0.00788577
SLL_vintage 89 3188 1.50264 0.198371 0.00788824
SLL_vintage 90 3188 1.50367 0.198496 0.00789072
SLL_vintage 91 3188 1.50469 0.198622 0.00789323
SLL_vintage 92 3188 1.50569 0.198749 0.00789575
SLL_vintage 93 3188 1.50669 0.198878 0.0078983
SLL_vintage 94 3188 1.50768 0.199007 0.00790087
SLL_vintage 95 3188 1.50866 0.199138 0.00790346
SLL_vintage 96 3188 1.50963 0.199269 0.00790608
SLL_vintage 97 3188 1.51059 0.199402 0.00790871
SLL_vintage 98 3188 1.51155 0.199536 0.00791136
SLL_vintage 99 3188 1.51249 0.199671 0.00791404
SLL_vintage 100 3188 1.51343 0.199807 0.00791674
SLL_vintage 101 3188 1.51436 0.199944 0.00791946
SLL_vintage 102 3188 1.51528 0.200083 0.00792219
SLL_vintage 103 3188 1.51619 0.200222 0.00792495
SLL_vintage 104 3188 1.5171 0.200363 0.00792774
SLL_vintage 105 3188 1.51799 0.200504 0.00793054
SLL_vintage 106 3188 1.51888 0.200647 0.00793336
SLL_vintage 107 3188 1.51977 0.200791 0.0079362
SLL_vintage 108 3188 1.52064 0.200935 0.00793906
SLL_vintage 109 3188 1.52151 0.201081 0.00794194
SLL_vintage 110 3188 1.52237 0.201228 0.00794484
SLL_vintage 111 3188 1.52322 0.201376 0.00794775
SLL_vintage 112 3188 1.52407 0.201525 0.00795069
SLL_vintage 113 3188 1.52491 0.201674 0.00795364
SLL_vintage 114 3188 1.52574 0.201825 0.00795662
SLL_vintage 115 3188 1.52657 0.201977 0.00795961
SLL_vintage 116 3188 1.52739 0.202129 0.00796261
SLL_vintage 117 3188 1.52821 0.202283 0.00796564
SLL_vintage 118 3188 1.52901 0.202437 0.00796868
SLL_vintage 119 3188 1.52981 0.202593 0.00797174
SLL_vintage 120 3188 1.53061 0.202749 0.00797481
SLL_vintage 121 3188 1.5314 0.202906 0.0079779
SLL_vintage 122 3188 1.53218 0.203064 0.007981
SLL_vintage 123 3188 1.53296 0.203223 0.00798412
SLL_vintage 124 3188 1.53373 0.203382 0.00798726
SLL_vintage 125 3188 1.53449 0.203543 0.0079904
SLL_vintage 126 3188 1.53525 0.203704 0.00799357
SLL_vintage 127 3188 1.53601 0.203866 0.00799674
SLL_vintage 128 3188 1.53675 0.204028 0.00799993
SLL_vintage 129 3188 1.5375 0.204192 0.00800313
SLL_vintage 130 3188 1.53823 0.204356 0.00800635
SLL_vintage 131 3188 1.53896 0.204521 0.00800957
SLL_vintage 132 3188 1.53969 0.204686 0.00801281
SLL_vintage 133 3188 1.54041 0.204852 0.00801606
SLL_vintage 134 3188 1.54113 0.205019 0.00801933
SLL_vintage 135 3188 1.54184 0.205186 0.0080226
SLL_vintage 136 3188 1.54254 0.205354 0.00802588
SLL_vintage 137 3188 1.54324 0.205523 0.00802917
SLL_vintage 138 3188 1.54393 0.205692 0.00803248
SLL_vintage 139 3188 1.54462 0.205862 0.00803579
SLL_vintage 140 3188 1.54531 0.206032 0.00803911
SLL_vintage 141 3188 1.54599 0.206203 0.00804244
SLL_vintage 142 3188 1.54666 0.206374 0.00804578
SLL_vintage 143 3188 1.54733 0.206546 0.00804913
SLL_vintage 144 3188 1.548 0.206718 0.00805249
SLL_vintage 145 3188 1.54866 0.206891 0.00805585
SLL_vintage 146 3188 1.54931 0.207064 0.00805922
SLL_vintage 147 3188 1.54996 0.207238 0.0080626
SLL_vintage 148 3188 1.55061 0.207412 0.00806599
SLL_vintage 149 3188 1.55125 0.207586 0.00806938
SLL_vintage 150 3188 1.55189 0.207761 0.00807278
SLL_vintage 151 3188 1.55252 0.207936 0.00807618
SLL_vintage 152 3188 1.55315 0.208112 0.00807959
SLL_vintage 153 3188 1.55377 0.208288 0.008083
SLL_vintage 154 3188 1.55439 0.208464 0.00808642
SLL_vintage 155 3188 1.55501 0.208641 0.00808985
SLL_vintage 156 3188 1.55562 0.208818 0.00809327
SLL_vintage 157 3188 1.55622 0.208995 0.00809671
SLL_vintage 158 3188 1.55682 0.209172 0.00810014
SLL_vintage 159 3188 1.55742 0.20935 0.00810359
SLL_vintage 160 3188 1.55802 0.209528 0.00810703
SLL_vintage 161 3188 1.55861 0.209706 0.00811048
SLL_vintage 162 3188 1.55919 0.209885 0.00811393
SLL_vintage 163 3188 1.55977 0.210063 0.00811738
SLL_vintage 164 3188 1.56035 0.210242 0.00812083
SLL_vintage 165 3188 1.56092 0.210421 0.00812429
SLL_vintage 166 3188 1.56149 0.2106 0.00812775
SLL_vintage 167 3188 1.56206 0.21078 0.00813121
SLL_vintage 168 3188 1.56262 0.210959 0.00813467
SLL_vintage 169 3188 1.56318 0.211139 0.00813814
SLL_vintage 170 3188 1.56373 0.211319 0.0081416
SLL_vintage 171 3188 1.56428 0.211499 0.00814506
SLL_vintage 172 3188 1.56483 0.211679 0.00814853
SLL_vintage 173 3188 1.56537 0.211859 0.00815199
SLL_vintage 174 3188 1.56591 0.212039 0.00815546
SLL_vintage 175 3188 1.56645 0.212219 0.00815893
SLL_vintage 176 3188 1.56698 0.212399 0.00816239
SLL_vintage 177 3188 1.56751 0.21258 0.00816586
SLL_vintage 178 3188 1.56803 0.21276 0.00816932
SLL_vintage 179 3188 1.56855 0.21294 0.00817278
SLL_vintage 180 3188 1.56907 0.213121 0.00817624
SLL_vintage 181 3188 1.56958 0.213301 0.0081797
SLL_vintage 182 3188 1.57009 0.213482 0.00818316
SLL_vintage 183 3188 1.5706 0.213662 0.00818662
SLL_vintage 184 3188 1.5711 0.213842 0.00819007
SLL_vintage 185 3188 1.5716 0.214023 0.00819352
SLL_vintage 186 3188 1.5721 0.214203 0.00819697
SLL_vintage 187 3188 1.57259 0.214383 0.00820042
SLL_vintage 188 3188 1.57308 0.214563 0.00820387
SLL_vintage 189 3188 1.57357 0.214743 0.00820731
SLL_vintage 190 3188 1.57405 0.214923 0.00821075
SLL_vintage 191 3188 1.57453 0.215103 0.00821418
SLL_vintage 192 3188 1.57501 0.215283 0.00821761
SLL_vintage 193 3188 1.57548 0.215463 0.00822104
SLL_vintage 194 3188 1.57595 0.215642 0.00822447
SLL_vintage 195 3188 1.57642 0.215822 0.00822789
SLL_vintage 196 3188 1.57689 0.216001 0.0082313
SLL_vintage 197 3188 1.57735 0.21618 0.00823471
SLL_vintage 198 3188 1.5778 0.216359 0.00823812
SLL_vintage 199 3188 1.57826 0.216538 0.00824152
SLL_vintage 200 3188 1.57871 0.216716 0.00824492
SLL_vintage 201 3188 1.57916 0.216895 0.00824832
SLL_vintage 202 3188 1.5796 0.217073 0.0082517
SLL_vintage 203 3188 1.58005 0.217251 0.00825509
SLL_vintage 204 3188 1.58048 0.217429 0.00825847
SLL_vintage 205 3188 1.58092 0.217606 0.00826184
SLL_vintage 206 3188 1.58135 0.217784 0.00826521
SLL_vintage 207 3188 1.58178 0.217961 0.00826857
SLL_vintage 208 3188 1.58221 0.218138 0.00827192
SLL_vintage 209 3188 1.58264 0.218315 0.00827527
SLL_vintage 210 3188 1.58306 0.218491 0.00827861
SLL_vintage 211 3188 1.58348 0.218667 0.00828195
SLL_vintage 212 3188 1.58389 0.218843 0.00828528
SLL_vintage 213 3188 1.58431 0.219019 0.00828861
SLL_vintage 214 3188 1.58472 0.219194 0.00829192
SLL_vintage 215 3188 1.58512 0.219369 0.00829523
SLL_vintage 216 3188 1.58553 0.219544 0.00829854
SLL_vintage 217 3188 1.58593 0.219718 0.00830184
SLL_vintage 218 3188 1.58633 0.219893 0.00830513
SLL_vintage 219 3188 1.58672 0.220067 0.00830841
SLL_vintage 220 3188 1.58712 0.22024 0.00831168
SLL_vintage 221 3188 1.58751 0.220413 0.00831495
SLL_vintage 222 3188 1.5879 0.220586 0.00831821
SLL_vintage 223 3188 1.58828 0.220759 0.00832146
SLL_vintage 224 3188 1.58867 0.220931 0.00832471
SLL_vintage 225 3188 1.58905 0.221103 0.00832795
SLL_vintage 226 3188 1.58942 0.221274 0.00833118
SLL_vintage 227 3188 1.5898 0.221445 0.0083344
SLL_vintage 228 3188 1.59017 0.221616 0.00833761
SLL_vintage 229 3188 1.59054 0.221787 0.00834082
SLL_vintage 230 3188 1.59091 0.221957 0.00834401
SLL_vintage 231 3188 1.59127 0.222126 0.0083472
SLL_vintage 232 3188 1.59163 0.222296 0.00835038
SLL_vintage 233 3188 1.59199 0.222465 0.00835355
SLL_vintage 234 3188 1.59235 0.222633 0.00835672
SLL_vintage 235 3188 1.5927 0.222801 0.00835987
SLL_vintage 236 3188 1.59306 0.222969 0.00836302
SLL_vintage 237 3188 1.59341 0.223136 0.00836615
SLL_vintage 238 3188 1.59375 0.223303 0.00836928
SLL_vintage 239 3188 1.5941 0.22347 0.0083724
SLL_vintage 240 3188 1.59444 0.223636 0.00837551
SLL_vintage 241 3188 1.59478 0.223801 0.00837861
SLL_vintage 242 3188 1.59512 0.223966 0.0083817
SLL_vintage 243 3188 1.59545 0.224131 0.00838479
SLL_vintage 244 3188 1.59578 0.224295 0.00838786
SLL_vintage 245 3188 1.59611 0.224459 0.00839092
SLL_vintage 246 3188 1.59644 0.224623 0.00839398
SLL_vintage 247 3188 1.59677 0.224786 0.00839702
SLL_vintage 248 3188 1.59709 0.224948 0.00840006
SLL_vintage 249 3188 1.59741 0.22511 0.00840308
SLL_vintage 250 3188 1.59773 0.225272 0.0084061
SLL_vintage 251 3188 1.59804 0.225433 0.0084091
SLL_vintage 252 3188 1.59836 0.225594 0.0084121
SLL_vintage 253 3188 1.59867 0.225754 0.00841509
SLL_vintage 254 3188 1.59898 0.225914 0.00841806
SLL_vintage 255 3188 1.59928 0.226073 0.00842103
SLL_vintage 256 3188 1.59959 0.226232 0.00842399
SLL_vintage 257 3188 1.59989 0.22639 0.00842693
SLL_vintage 258 3188 1.60019 0.226548 0.00842987
SLL_vintage 259 3188 1.60049 0.226705 0.0084328
SLL_vintage 260 3188 1.60078 0.226862 0.00843572
SLL_vintage 261 3188 1.60108 0.227019 0.00843862
SLL_vintage 262 3188 1.60137 0.227174 0.00844152
SLL_vintage 263 3188 1.60166 0.22733 0.00844441
SLL_vintage 264 3188 1.60194 0.227485 0.00844728
SLL_vintage 265 3188 1.60223 0.227639 0.00845015
SLL_vintage 266 3188 1.60251 0.227793 0.008453
SLL_vintage 267 3188 1.60279 0.227946 0.00845585
SLL_vintage 268 3188 1.60307 0.228099 0.00845869
SLL_vintage 269 3188 1.60335 0.228252 0.00846151
SLL_vintage 270 3188 1.60362 0.228404 0.00846433
SLL_vintage 271 3188 1.60389 0.228555 0.00846713
SLL_vintage 272 3188 1.60416 0.228706 0.00846993
SLL_vintage 273 3188 1.60443 0.228856 0.00847271
SLL_vintage 274 3188 1.60469 0.229006 0.00847548
SLL_vintage 275 3188 1.60496 0.229156 0.00847825
SLL_vintage 276 3188 1.60522 0.229304 0.008481
SLL_vintage 277 3188 1.60548 0.229453 0.00848374
SLL_vintage 278 3188 1.60574 0.2296 0.00848647
SLL_vintage 279 3188 1.60599 0.229748 0.0084892
SLL_vintage 280 3188 1.60624 0.229895 0.00849191
SLL_vintage 281 3188 1.60649 0.230041 0.00849461
SLL_vintage 282 3188 1.60674 0.230187 0.0084973
SLL_vintage 283 3188 1.60699 0.230332 0.00849998
SLL_vintage 284 3188 1.60724 0.230477 0.00850265
SLL_vintage 285 3188 1.60748 0.230621 0.00850531
SLL_vintage 286 3188 1.60772 0.230765 0.00850796
SLL_vintage 287 3188 1.60796 0.230908 0.0085106
SLL_vintage 288 3188 1.6082 0.23105 0.00851323
SLL_vintage 289 3188 1.60843 0.231193 0.00851584
SLL_vintage 290 3188 1.60867 0.231334 0.00851845
SLL_vintage 291 3188 1.6089 0.231475 0.00852105
SLL_vintage 292 3188 1.60913 0.231616 0.00852364
SLL_vintage 293 3188 1.60935 0.231756 0.00852622
SLL_vintage 294 3188 1.60958 0.231896 0.00852879
SLL_vintage 295 3188 1.6098 0.232035 0.00853134
SLL_vintage 296 3188 1.61002 0.232173 0.00853389
SLL_vintage 297 3188 1.61024 0.232311 0.00853643
SLL_vintage 298 3188 1.61046 0.232449 0.00853896
SLL_vintage 299 3188 1.61068 0.232586 0.00854147
SLL_vintage 300 3188 1.61089 0.232723 0.00854398
SLL_vintage 301 3188 1.6111 0.232859 0.00854648
SLL_vintage 302 3188 1.61131 0.232994 0.00854897

SLL_fresh 2 3188 1.14314 0.0304212 0.00308908
SLL_fresh 3 3188 1.21471 0.0684477 0.00463362
SLL_fresh 4 3188 1.26107 0.0961116 0.00549071
SLL_fresh 5 3188 1.29481 0.115335 0.00601479
SLL_fresh 6 3188 1.32111 0.1291 0.00636361
SLL_fresh 7 3188 1.34252 0.139393 0.00661243
SLL_fresh 8 3188 1.36052 0.147403 0.00679976
SLL_fresh 9 3188 1.37598 0.153843 0.00694672
SLL_fresh 10 3188 1.38951 0.159158 0.00706569
SLL_fresh 11 3188 1.4015 0.163635 0.00716439
SLL_fresh 12 3188 1.41224 0.167471 0.00724788
SLL_fresh 13 3188 1.42195 0.170803 0.00731962
SLL_fresh 14 3188 1.4308 0.17373 0.00738207
SLL_fresh 15 3188 1.43891 0.176326 0.00743702
SLL_fresh 16 3188 1.44638 0.178649 0.00748584
SLL_fresh 17 3188 1.45329 0.180741 0.00752955
SLL_fresh 18 3188 1.45972 0.182637 0.00756894
SLL_fresh 19 3188 1.46572 0.184365 0.00760466
SLL_fresh 20 3188 1.47134 0.185947 0.00763722
SLL_fresh 21 3188 1.47662 0.187401 0.00766702
SLL_fresh 22 3188 1.48159 0.188742 0.00769441
SLL_fresh 23 3188 1.48628 0.189984 0.00771967
SLL_fresh 24 3188 1.49071 0.191135 0.00774304
SLL_fresh 25 3188 1.49492 0.192207 0.00776471
SLL_fresh 26 3188 1.49892 0.193205 0.00778485
SLL_fresh 27 3188 1.50272 0.194138 0.00780362
SLL_fresh 28 3188 1.50634 0.195011 0.00782115
SLL_fresh 29 3188 1.5098 0.195829 0.00783753
SLL_fresh 30 3188 1.51311 0.196597 0.00785288
SLL_fresh 31 3188 1.51627 0.197319 0.00786729
SLL_fresh 32 3188 1.5193 0.197998 0.00788082
SLL_fresh 33 3188 1.52221 0.198638 0.00789355
SLL_fresh 34 3188 1.52501 0.199243 0.00790555
SLL_fresh 35 3188 1.5277 0.199814 0.00791687
SLL_fresh 36 3188 1.53029 0.200354 0.00792757
SLL_fresh 37 3188 1.53278 0.200866 0.00793769
SLL_fresh 38 3188 1.53519 0.201352 0.00794728
SLL_fresh 39 3188 1.53751 0.201813 0.00795637
SLL_fresh 40 3188 1.53975 0.202251 0.00796501
SLL_fresh 41 3188 1.54192 0.202669 0.00797323
SLL_fresh 42 3188 1.54402 0.203067 0.00798106
SLL_fresh 43 3188 1.54606 0.203448 0.00798853
SLL_fresh 44 3188 1.54803 0.203811 0.00799567
SLL_fresh 45 3188 1.54994 0.20416 0.0080025
SLL_fresh 46 3188 1.5518 0.204494 0.00800905
SLL_fresh 47 3188 1.5536 0.204815 0.00801534
SLL_fresh 48 3188 1.55536 0.205124 0.00802138
SLL_fresh 49 3188 1.55706 0.205422 0.00802721
SLL_fresh 50 3188 1.55872 0.20571 0.00803282
SLL_fresh 51 3188 1.56033 0.205988 0.00803825
SLL_fresh 52 3188 1.56191 0.206257 0.0080435
SLL_fresh 53 3188 1.56344 0.206518 0.00804859
SLL_fresh 54 3188 1.56493 0.206772 0.00805353
SLL_fresh 55 3188 1.56639 0.207019 0.00805834
SLL_fresh 56 3188 1.56782 0.20726 0.00806303
SLL_fresh 57 3188 1.56921 0.207495 0.0080676
SLL_fresh 58 3188 1.57057 0.207724 0.00807207
SLL_fresh 59 3188 1.57189 0.20795 0.00807644
SLL_fresh 60 3188 1.57319 0.20817 0.00808072
SLL_fresh 61 3188 1.57446 0.208387 0.00808493
SLL_fresh 62 3188 1.57571 0.2086 0.00808906
SLL_fresh 63 3188 1.57692 0.20881 0.00809313
SLL_fresh 64 3188 1.57812 0.209017 0.00809714
SLL_fresh 65 3188 1.57929 0.209221 0.00810109
SLL_fresh 66 3188 1.58043 0.209423 0.008105
SLL_fresh 67 3188 1.58155 0.209622 0.00810886
SLL_fresh 68 3188 1.58265 0.20982 0.00811268
SLL_fresh 69 3188 1.58373 0.210016 0.00811647
SLL_fresh 70 3188 1.58479 0.210211 0.00812022
SLL_fresh 71 3188 1.58584 0.210404 0.00812395
SLL_fresh 72 3188 1.58686 0.210595 0.00812765
SLL_fresh 73 3188 1.58786 0.210786 0.00813133
SLL_fresh 74 3188 1.58885 0.210976 0.00813499
SLL_fresh 75 3188 1.58982 0.211165 0.00813864
SLL_fresh 76 3188 1.59077 0.211353 0.00814226
SLL_fresh 77 3188 1.5917 0.211541 0.00814588
SLL_fresh 78 3188 1.59262 0.211728 0.00814948
SLL_fresh 79 3188 1.59353 0.211914 0.00815307
SLL_fresh 80 3188 1.59442 0.212101 0.00815665
SLL_fresh 81 3188 1.5953 0.212287 0.00816023
SLL_fresh 82 3188 1.59616 0.212472 0.0081638
SLL_fresh 83 3188 1.59701 0.212658 0.00816736
SLL_fresh 84 3188 1.59784 0.212843 0.00817092
SLL_fresh 85 3188 1.59866 0.213029 0.00817447
SLL_fresh 86 3188 1.59947 0.213214 0.00817802
SLL_fresh 87 3188 1.60027 0.213399 0.00818157
SLL_fresh 88 3188 1.60106 0.213584 0.00818512
SLL_fresh 89 3188 1.60183 0.213769 0.00818867
SLL_fresh 90 3188 1.60259 0.213954 0.00819221
SLL_fresh 91 3188 1.60335 0.214139 0.00819575
SLL_fresh 92 3188 1.60409 0.214324 0.00819929
SLL_fresh 93 3188 1.60482 0.214509 0.00820283
SLL_fresh 94 3188 1.60554 0.214694 0.00820637
SLL_fresh 95 3188 1.60624 0.214879 0.00820991
SLL_fresh 96 3188 1.60694 0.215065 0.00821344
SLL_fresh 97 3188 1.60763 0.21525 0.00821698
SLL_fresh 98 3188 1.60831 0.215435 0.00822051
SLL_fresh 99 3188 1.60898 0.21562 0.00822405
SLL_fresh 100 3188 1.60965 0.215805 0.00822758
SLL_fresh 101 3188 1.6103 0.215991 0.00823111
SLL_fresh 102 3188 1.61094 0.216176 0.00823463
SLL_fresh 103 3188 1.61158 0.216361 0.00823816
SLL_fresh 104 3188 1.6122 0.216546 0.00824168
SLL_fresh 105 3188 1.61282 0.216731 0.0082452
SLL_fresh 106 3188 1.61343 0.216916 0.00824872
SLL_fresh 107 3188 1.61403 0.217101 0.00825223
SLL_fresh 108 3188 1.61462 0.217285 0.00825574
SLL_fresh 109 3188 1.61521 0.21747 0.00825925
SLL_fresh 110 3188 1.61579 0.217654 0.00826275
SLL_fresh 111 3188 1.61636 0.217839 0.00826625
SLL_fresh 112 3188 1.61692 0.218023 0.00826974
SLL_fresh 113 3188 1.61748 0.218207 0.00827322
SLL_fresh 114 3188 1.61802 0.21839 0.0082767
SLL_fresh 115 3188 1.61856 0.218574 0.00828018
SLL_fresh 116 3188 1.6191 0.218757 0.00828365
SLL_fresh 117 3188 1.61963 0.21894 0.00828711
SLL_fresh 118 3188 1.62015 0.219122 0.00829056
SLL_fresh 119 3188 1.62066 0.219305 0.00829401
SLL_fresh 120 3188 1.62117 0.219487 0.00829745
SLL_fresh 121 3188 1.62167 0.219668 0.00830088
SLL_fresh 122 3188 1.62216 0.219849 0.00830431
SLL_fresh 123 3188 1.62265 0.22003 0.00830772
SLL_fresh 124 3188 1.62313 0.220211 0.00831113
SLL_fresh 125 3188 1.62361 0.220391 0.00831453
SLL_fresh 126 3188 1.62407 0.220571 0.00831792
SLL_fresh 127 3188 1.62454 0.22075 0.0083213
SLL_fresh 128 3188 1.62499 0.220929 0.00832467
SLL_fresh 129 3188 1.62545 0.221107 0.00832803
SLL_fresh 130 3188 1.62589 0.221285 0.00833137
SLL_fresh 131 3188 1.62633 0.221462 0.00833471
SLL_fresh 132 3188 1.62676 0.221639 0.00833804
SLL_fresh 133 3188 1.62719 0.221816 0.00834136
SLL_fresh 134 3188 1.62761 0.221991 0.00834467
SLL_fresh 135 3188 1.62803 0.222167 0.00834796
SLL_fresh 136 3188 1.62844 0.222342 0.00835124
SLL_fresh 137 3188 1.62885 0.222516 0.00835452
SLL_fresh 138 3188 1.62925 0.22269 0.00835778
SLL_fresh 139 3188 1.62965 0.222863 0.00836103
SLL_fresh 140 3188 1.63004 0.223035 0.00836426
SLL_fresh 141 3188 1.63042 0.223208 0.00836749
SLL_fresh 142 3188 1.63081 0.223379 0.0083707
SLL_fresh 143 3188 1.63118 0.22355 0.00837391
SLL_fresh 144 3188 1.63155 0.22372 0.0083771
SLL_fresh 145 3188 1.63192 0.22389 0.00838027
SLL_fresh 146 3188 1.63228 0.224059 0.00838344
SLL_fresh 147 3188 1.63263 0.224228 0.00838659
SLL_fresh 148 3188 1.63299 0.224396 0.00838974
SLL_fresh 149 3188 1.63333 0.224563 0.00839287
SLL_fresh 150 3188 1.63368 0.22473 0.00839598
SLL_fresh 151 3188 1.63401 0.224897 0.00839909
SLL_fresh 152 3188 1.63435 0.225062 0.00840218
SLL_fresh 153 3188 1.63467 0.225227 0.00840527
SLL_fresh 154 3188 1.635 0.225392 0.00840834
SLL_fresh 155 3188 1.63532 0.225556 0.0084114
SLL_fresh 156 3188 1.63563 0.225719 0.00841444
SLL_fresh 157 3188 1.63595 0.225882 0.00841748
SLL_fresh 158 3188 1.63625 0.226045 0.0084205
SLL_fresh 159 3188 1.63655 0.226207 0.00842352
SLL_fresh 160 3188 1.63685 0.226368 0.00842652
SLL_fresh 161 3188 1.63715 0.226529 0.00842951
SLL_fresh 162 3188 1.63744 0.226689 0.0084325
SLL_fresh 163 3188 1.63772 0.226849 0.00843547
SLL_fresh 164 3188 1.63801 0.227008 0.00843843

SLL_processing 2 3188 1.16132 0.0339784 0.00326469
SLL_processing 3 3188 1.24198 0.0764514 0.00489704
SLL_processing 4 3188 1.29277 0.107234 0.00579972
SLL_processing 5 3188 1.32862 0.128418 0.00634678
SLL_processing 6 3188 1.35572 0.143294 0.00670432
SLL_processing 7 3188 1.37717 0.154089 0.00695228
SLL_processing 8 3188 1.39472 0.162178 0.00713243
SLL_processing 9 3188 1.40945 0.168415 0.00726826
SLL_processing 10 3188 1.42206 0.173345 0.00737388
SLL_processing 11 3188 1.43304 0.17733 0.00745817
SLL_processing 12 3188 1.44272 0.180617 0.00752697
SLL_processing 13 3188 1.45137 0.183375 0.00758423
SLL_processing 14 3188 1.45916 0.185727 0.00763271
SLL_processing 15 3188 1.46624 0.18776 0.00767437
SLL_processing 16 3188 1.47271 0.189538 0.00771062
SLL_processing 17 3188 1.47867 0.191109 0.00774251
SLL_processing 18 3188 1.48418 0.192511 0.00777085
SLL_processing 19 3188 1.4893 0.19377 0.00779622
SLL_processing 20 3188 1.49408 0.19491 0.00781911
SLL_processing 21 3188 1.49855 0.195947 0.00783989
SLL_processing 22 3188 1.50275 0.196895 0.00785884
SLL_processing 23 3188 1.50671 0.197767 0.00787622
SLL_processing 24 3188 1.51045 0.198572 0.00789223
SLL_processing 25 3188 1.51398 0.199317 0.00790702
SLL_processing 26 3188 1.51733 0.200009 0.00792073
SLL_processing 27 3188 1.52052 0.200654 0.00793349
SLL_processing 28 3188 1.52355 0.201256 0.00794539
SLL_processing 29 3188 1.52644 0.20182 0.00795652
SLL_processing 30 3188 1.52921 0.20235 0.00796695
SLL_processing 31 3188 1.53185 0.202848 0.00797676
SLL_processing 32 3188 1.53438 0.203318 0.00798599
SLL_processing 33 3188 1.5368 0.203762 0.0079947
SLL_processing 34 3188 1.53913 0.204181 0.00800293
SLL_processing 35 3188 1.54136 0.204579 0.00801072
SLL_processing 36 3188 1.54352 0.204957 0.00801811
SLL_processing 37 3188 1.54559 0.205316 0.00802513
SLL_processing 38 3188 1.54759 0.205657 0.0080318
SLL_processing 39 3188 1.54951 0.205983 0.00803816
SLL_processing 40 3188 1.55137 0.206294 0.00804423
SLL_processing 41 3188 1.55317 0.206591 0.00805002
SLL_processing 42 3188 1.55491 0.206876 0.00805555
SLL_processing 43 3188 1.5566 0.207148 0.00806086
SLL_processing 44 3188 1.55823 0.207409 0.00806593
SLL_processing 45 3188 1.55981 0.20766 0.00807081
SLL_processing 46 3188 1.56134 0.2079 0.00807548
SLL_processing 47 3188 1.56283 0.208132 0.00807998
SLL_processing 48 3188 1.56427 0.208355 0.00808431
SLL_processing 49 3188 1.56567 0.20857 0.00808847
SLL_processing 50 3188 1.56704 0.208777 0.00809249
SLL_processing 51 3188 1.56836 0.208977 0.00809636
SLL_processing 52 3188 1.56966 0.20917 0.00810009
SLL_processing 53 3188 1.57091 0.209356 0.0081037
SLL_processing 54 3188 1.57214 0.209536 0.00810719
SLL_processing 55 3188 1.57333 0.209711 0.00811057
SLL_processing 56 3188 1.57449 0.20988 0.00811384
SLL_processing 57 3188 1.57563 0.210044 0.008117
SLL_processing 58 3188 1.57674 0.210203 0.00812007
SLL_processing 59 3188 1.57782 0.210357 0.00812305
SLL_processing 60 3188 1.57887 0.210507 0.00812594
SLL_processing 61 3188 1.5799 0.210652 0.00812875
SLL_processing 62 3188 1.58091 0.210793 0.00813147
SLL_processing 63 3188 1.5819 0.210931 0.00813413
SLL_processing 64 3188 1.58286 0.211065 0.00813671
SLL_processing 65 3188 1.5838 0.211195 0.00813922
SLL_processing 66 3188 1.58472 0.211322 0.00814167
SLL_processing 67 3188 1.58563 0.211446 0.00814405
SLL_processing 68 3188 1.58651 0.211567 0.00814638
SLL_processing 69 3188 1.58737 0.211685 0.00814865
SLL_processing 70 3188 1.58822 0.2118 0.00815087
SLL_processing 71 3188 1.58905 0.211912 0.00815303
SLL_processing 72 3188 1.58987 0.212022 0.00815515
SLL_processing 73 3188 1.59067 0.21213 0.00815721
SLL_processing 74 3188 1.59145 0.212235 0.00815924
SLL_processing 75 3188 1.59222 0.212338 0.00816122
SLL_processing 76 3188 1.59297 0.212439 0.00816316
SLL_processing 77 3188 1.59371 0.212538 0.00816506
SLL_processing 78 3188 1.59444 0.212635 0.00816692
SLL_processing 79 3188 1.59515 0.21273 0.00816875
SLL_processing 80 3188 1.59585 0.212824 0.00817055
SLL_processing 81 3188 1.59654 0.212916 0.00817231
SLL_processing 82 3188 1.59721 0.213006 0.00817404
SLL_processing 83 3188 1.59788 0.213094 0.00817574
SLL_processing 84 3188 1.59853 0.213182 0.00817741
SLL_processing 85 3188 1.59917 0.213267 0.00817905
SLL_processing 86 3188 1.5998 0.213352 0.00818067
SLL_processing 87 3188 1.60043 0.213435 0.00818227
SLL_processing 88 3188 1.60104 0.213517 0.00818384
SLL_processing 89 3188 1.60164 0.213598 0.00818538
SLL_processing 90 3188 1.60223 0.213677 0.00818691
SLL_processing 91 3188 1.60281 0.213756 0.00818841
SLL_processing 92 3188 1.60338 0.213833 0.0081899
SLL_processing 93 3188 1.60395 0.21391 0.00819136
SLL_processing 94 3188 1.6045 0.213985 0.00819281
SLL_processing 95 3188 1.60505 0.21406 0.00819424
SLL_processing 96 3188 1.60559 0.214134 0.00819565
SLL_processing 97 3188 1.60612 0.214207 0.00819705
SLL_processing 98 3188 1.60664 0.214279 0.00819843
SLL_processing 99 3188 1.60716 0.214351 0.0081998
SLL_processing 100 3188 1.60766 0.214422 0.00820116
SLL_processing 101 3188 1.60816 0.214492 0.0082025
SLL_processing 102 3188 1.60866 0.214561 0.00820382
SLL_processing 103 3188 1.60914 0.21463 0.00820514
SLL_processing 104 3188 1.60962 0.214698 0.00820644
SLL_processing 105 3188 1.6101 0.214766 0.00820774
SLL_processing 106 3188 1.61056 0.214833 0.00820902
SLL_processing 107 3188 1.61102 0.2149 0.00821029
SLL_processing 108 3188 1.61148 0.214966 0.00821156
SLL_processing 109 3188 1.61193 0.215032 0.00821281
SLL_processing 110 3188 1.61237 0.215097 0.00821406
SLL_processing 111 3188 1.61281 0.215162 0.0082153
SLL_processing 112 3188 1.61324 0.215226 0.00821652
SLL_processing 113 3188 1.61366 0.21529 0.00821775
SLL_processing 114 3188 1.61408 0.215354 0.00821896
SLL_processing 115 3188 1.6145 0.215417 0.00822017
SLL_processing 116 3188 1.61491 0.21548 0.00822137
SLL_processing 117 3188 1.61531 0.215542 0.00822256
SLL_processing 118 3188 1.61571 0.215605 0.00822375
SLL_processing 119 3188 1.6161 0.215667 0.00822494
SLL_processing 120 3188 1.61649 0.215729 0.00822611
SLL_processing 121 3188 1.61688 0.21579 0.00822729
SLL_processing 122 3188 1.61726 0.215851 0.00822845
SLL_processing 123 3188 1.61763 0.215912 0.00822962
SLL_processing 124 3188 1.61801 0.215973 0.00823077
SLL_processing 125 3188 1.61837 0.216034 0.00823193
SLL_processing 126 3188 1.61874 0.216094 0.00823308
SLL_processing 127 3188 1.6191 0.216154 0.00823422
SLL_processing 128 3188 1.61945 0.216214 0.00823537
SLL_processing 129 3188 1.6198 0.216274 0.0082365
SLL_processing 130 3188 1.62015 0.216334 0.00823764
SLL_processing 131 3188 1.62049 0.216393 0.00823877
SLL_processing 132 3188 1.62083 0.216452 0.0082399
SLL_processing 133 3188 1.62116 0.216511 0.00824103
SLL_processing 134 3188 1.6215 0.21657 0.00824215
SLL_processing 135 3188 1.62182 0.216629 0.00824327
SLL_processing 136 3188 1.62215 0.216688 0.00824439
SLL_processing 137 3188 1.62247 0.216747 0.0082455
SLL_processing 138 3188 1.62279 0.216805 0.00824661
SLL_processing 139 3188 1.6231 0.216864 0.00824772
SLL_processing 140 3188 1.62341 0.216922 0.00824883
SLL_processing 141 3188 1.62372 0.21698 0.00824994
SLL_processing 142 3188 1.62402 0.217038 0.00825104
SLL_processing 143 3188 1.62432 0.217096 0.00825215
SLL_processing 144 3188 1.62462 0.217154 0.00825325
SLL_processing 145 3188 1.62492 0.217212 0.00825435
SLL_processing 146 3188 1.62521 0.21727 0.00825544
SLL_processing 147 3188 1.6255 0.217327 0.00825654
SLL_processing 148 3188 1.62578 0.217385 0.00825763
SLL_processing 149 3188 1.62607 0.217442 0.00825872
SLL_processing 150 3188 1.62635 0.2175 0.00825981
SLL_processing 151 3188 1.62662 0.217557 0.0082609
SLL_processing 152 3188 1.6269 0.217614 0.00826199
SLL_processing 153 3188 1.62717 0.217672 0.00826308
SLL_processing 154 3188 1.62744 0.217729 0.00826416
SLL_processing 155 3188 1.62771 0.217786 0.00826525
SLL_processing 156 3188 1.62797 0.217843 0.00826633
SLL_processing 157 3188 1.62823 0.2179 0.00826741
SLL_processing 158 3188 1.62849 0.217957 0.00826849
SLL_processing 159 3188 1.62875 0.218014 0.00826957
SLL_processing 160 3188 1.629 0.218071 0.00827065
SLL_processing 161 3188 1.62926 0.218127 0.00827172
SLL_processing 162 3188 1.62951 0.218184 0.0082728
SLL_processing 163 3188 1.62975 0.218241 0.00827387
SLL_processing 164 3188 1.63 0.218298 0.00827495
SLL_processing 165 3188 1.63024 0.218354 0.00827602
SLL_processing 166 3188 1.63048 0.218411 0.00827709
SLL_processing 167 3188 1.63072 0.218467 0.00827816
SLL_processing 168 3188 1.63095 0.218524 0.00827923
SLL_processing 169 3188 1.63119 0.21858 0.0082803
SLL_processing 170 3188 1.63142 0.218636 0.00828136
SLL_processing 171 3188 1.63165 0.218692 0.00828243
SLL_processing 172 3188 1.63188 0.218749 0.00828349
SLL_processing 173 3188 1.6321 0.218805 0.00828456
SLL_processing 174 3188 1.63233 0.218861 0.00828562
SLL_processing 175 3188 1.63255 0.218917 0.00828668
SLL_processing 176 3188 1.63277 0.218973 0.00828774
SLL_processing 177 3188 1.63298 0.219029 0.0082888
SLL_processing 178 3188 1.6332 0.219085 0.00828986
SLL_processing 179 3188 1.63341 0.219141 0.00829092
SLL_processing 180 3188 1.63362 0.219197 0.00829197
SLL_processing 181 3188 1.63383 0.219252 0.00829303
SLL_processing 182 3188 1.63404 0.219308 0.00829408
SLL_processing 183 3188 1.63425 0.219364 0.00829513
SLL_processing 184 3188 1.63445 0.219419 0.00829618
SLL_processing 185 3188 1.63465 0.219475 0.00829723
SLL_processing 186 3188 1.63486 0.21953 0.00829828
SLL_processing 187 3188 1.63505 0.219586 0.00829933
SLL_processing 188 3188 1.63525 0.219641 0.00830038
SLL_processing 189 3188 1.63545 0.219696 0.00830142
SLL_processing 190 3188 1.63564 0.219752 0.00830246
SLL_processing 191 3188 1.63583 0.219807 0.00830351
SLL_processing 192 3188 1.63602 0.219862 0.00830455
SLL_processing 193 3188 1.63621 0.219917 0.00830559
SLL_processing 194 3188 1.6364 0.219972 0.00830662
SLL_processing 195 3188 1.63659 0.220027 0.00830766
SLL_processing 196 3188 1.63677 0.220082 0.0083087
SLL_processing 197 3188 1.63695 0.220136 0.00830973
SLL_processing 198 3188 1.63714 0.220191 0.00831076
SLL_processing 199 3188 1.63732 0.220246 0.00831179
SLL_processing 200 3188 1.63749 0.2203 0.00831282
SLL_processing 201 3188 1.63767 0.220355 0.00831385
SLL_processing 202 3188 1.63785 0.220409 0.00831487
SLL_processing 203 3188 1.63802 0.220463 0.0083159
SLL_processing 204 3188 1.63819 0.220518 0.00831692
SLL_processing 205 3188 1.63836 0.220572 0.00831794
SLL_processing 206 3188 1.63853 0.220626 0.00831896
SLL_processing 207 3188 1.6387 0.22068 0.00831998
SLL_processing 208 3188 1.63887 0.220734 0.00832099
SLL_processing 209 3188 1.63903 0.220788 0.00832201
SLL_processing 210 3188 1.6392 0.220841 0.00832302
SLL_processing 211 3188 1.63936 0.220895 0.00832403
SLL_processing 212 3188 1.63952 0.220948 0.00832504
SLL_processing 213 3188 1.63968 0.221002 0.00832605
SLL_processing 214 3188 1.63984 0.221055 0.00832705
SLL_processing 215 3188 1.64 0.221108 0.00832805
SLL_processing 216 3188 1.64015 0.221162 0.00832905
SLL_processing 217 3188 1.64031 0.221215 0.00833005
SLL_processing 218 3188 1.64046 0.221268 0.00833105
SLL_processing 219 3188 1.64061 0.22132 0.00833204
SLL_processing 220 3188 1.64076 0.221373 0.00833304
SLL_processing 221 3188 1.64091 0.221426 0.00833403
SLL_processing 222 3188 1.64106 0.221478 0.00833501
SLL_processing 223 3188 1.64121 0.221531 0.008336
SLL_processing 224 3188 1.64135 0.221583 0.00833698
SLL_processing 225 3188 1.6415 0.221635 0.00833797
SLL_processing 226 3188 1.64164 0.221687 0.00833895
SLL_processing 227 3188 1.64179 0.221739 0.00833992
SLL_processing 228 3188 1.64193 0.221791 0.0083409
SLL_processing 229 3188 1.64207 0.221843 0.00834187
SLL_processing 230 3188 1.64221 0.221894 0.00834284
SLL_processing 231 3188 1.64234 0.221946 0.00834381
SLL_processing 232 3188 1.64248 0.221997 0.00834477
SLL_processing 233 3188 1.64262 0.222048 0.00834573
SLL_processing 234 3188 1.64275 0.222099 0.00834669
SLL_processing 235 3188 1.64288 0.22215 0.00834765
SLL_processing 236 3188 1.64302 0.222201 0.00834861
SLL_processing 237 3188 1.64315 0.222252 0.00834956
SLL_processing 238 3188 1.64328 0.222302 0.00835051
SLL_processing 239 3188 1.64341 0.222353 0.00835145
SLL_processing 240 3188 1.64354 0.222403 0.0083524
SLL_processing 241 3188 1.64366 0.222453 0.00835334
SLL_processing 242 3188 1.64379 0.222503 0.00835428
SLL_processing 243 3188 1.64391 0.222553 0.00835522
SLL_processing 244 3188 1.64404 0.222603 0.00835615
SLL_processing 245 3188 1.64416 0.222652 0.00835708
SLL_processing 246 3188 1.64428 0.222702 0.00835801
SLL_processing 247 3188 1.6444 0.222751 0.00835893
SLL_processing 248 3188 1.64452 0.2228 0.00835985
SLL_processing 249 3188 1.64464 0.222849 0.00836077
SLL_processing 250 3188 1.64476 0.222898 0.00836169
SLL_processing 251 3188 1.64488 0.222947 0.0083626
SLL_processing 252 3188 1.64499 0.222995 0.00836351
SLL_processing 253 3188 1.64511 0.223044 0.00836442
SLL_processing 254 3188 1.64522 0.223092 0.00836532
SLL_processing 255 3188 1.64534 0.22314 0.00836622
SLL_processing 256 3188 1.64545 0.223188 0.00836712
SLL_processing 257 3188 1.64556 0.223236 0.00836802
SLL_processing 258 3188 1.64567 0.223283 0.00836891
SLL_processing 259 3188 1.64578 0.22333 0.0083698
SLL_processing 260 3188 1.64589 0.223378 0.00837068
SLL_processing 261 3188 1.646 0.223425 0.00837156
SLL_processing 262 3188 1.6461 0.223472 0.00837244
SLL_processing 263 3188 1.64621 0.223518 0.00837332
SLL_processing 264 3188 1.64631 0.223565 0.00837419
SLL_processing 265 3188 1.64642 0.223611 0.00837506
SLL_processing 266 3188 1.64652 0.223658 0.00837592
SLL_processing 267 3188 1.64662 0.223704 0.00837678
SLL_processing 268 3188 1.64672 0.223749 0.00837764
SLL_processing 269 3188 1.64682 0.223795 0.0083785
SLL_processing 270 3188 1.64692 0.223841 0.00837935
SLL_processing 271 3188 1.64702 0.223886 0.0083802
SLL_processing 272 3188 1.64712 0.223931 0.00838104
SLL_processing 273 3188 1.64722 0.223976 0.00838189
SLL_processing 274 3188 1.64731 0.224021 0.00838272
SLL_processing 275 3188 1.64741 0.224066 0.00838356
SLL_processing 276 3188 1.6475 0.22411 0.00838439
SLL_processing 277 3188 1.6476 0.224154 0.00838522
SLL_processing 278 3188 1.64769 0.224198 0.00838604
SLL_processing 279 3188 1.64778 0.224242 0.00838686
SLL_processing 280 3188 1.64788 0.224286 0.00838768
SLL_processing 281 3188 1.64797 0.224329 0.00838849
SLL_processing 282 3188 1.64806 0.224372 0.0083893
SLL_processing 283 3188 1.64814 0.224416 0.0083901
SLL_processing 284 3188 1.64823 0.224458 0.00839091
SLL_processing 285 3188 1.64832 0.224501 0.0083917
SLL_processing 286 3188 1.64841 0.224544 0.0083925
SLL_processing 287 3188 1.64849 0.224586 0.00839329
SLL_processing 288 3188 1.64858 0.224628 0.00839408
SLL_processing 289 3188 1.64866 0.22467 0.00839486
SLL_processing 290 3188 1.64875 0.224712 0.00839564
SLL_processing 291 3188 1.64883 0.224753 0.00839642
SLL_processing 292 3188 1.64891 0.224795 0.00839719
SLL_processing 293 3188 1.64899 0.224836 0.00839796
SLL_processing 294 3188 1.64907 0.224877 0.00839872
SLL_processing 295 3188 1.64915 0.224918 0.00839948
SLL_processing 296 3188 1.64923 0.224958 0.00840024
SLL_processing 297 3188 1.64931 0.224998 0.00840099
SLL_processing 298 3188 1.64939 0.225039 0.00840174
SLL_processing 299 3188 1.64946 0.225078 0.00840249
SLL_processing 300 3188 1.64954 0.225118 0.00840323
SLL_processing 301 3188 1.64961 0.225158 0.00840397
SLL_processing 302 3188 1.64969 0.225197 0.0084047
SLL_processing 303 3188 1.64976 0.225236 0.00840543
SLL_processing 304 3188 1.64984 0.225275 0.00840616
SLL_processing 305 3188 1.64991 0.225314 0.00840688
SLL_processing 306 3188 1.64998 0.225352 0.0084076
SLL_processing 307 3188 1.65005 0.225391 0.00840831
SLL_processing 308 3188 1.65012 0.225429 0.00840902
SLL_processing 309 3188 1.65019 0.225467 0.00840973
SLL_processing 310 3188 1.65026 0.225504 0.00841043
SLL_processing 311 3188 1.65033 0.225542 0.00841113
SLL_processing 312 3188 1.6504 0.225579 0.00841182
SLL_processing 313 3188 1.65046 0.225616 0.00841252
SLL_processing 314 3188 1.65053 0.225653 0.0084132
SLL_processing 315 3188 1.65059 0.22569 0.00841389
SLL_processing 316 3188 1.65066 0.225726 0.00841456
SLL_processing 317 3188 1.65072 0.225762 0.00841524
SLL_processing 318 3188 1.65079 0.225798 0.00841591
SLL_processing 319 3188 1.65085 0.225834 0.00841658
SLL_processing 320 3188 1.65091 0.22587 0.00841724
SLL_processing 321 3188 1.65097 0.225905 0.0084179
SLL_processing 322 3188 1.65103 0.22594 0.00841856

others 2 3188 1.31407 0.0173333 0.00233175
others 3 3188 1.4711 0.039 0.00349762
others 4 3188 1.57041 0.0509184 0.00399648
others 5 3188 1.64086 0.0555208 0.0041732
others 6 3188 1.69393 0.0561352 0.00419622
others 7 3188 1.73535 0.0547738 0.00414503
others 8 3188 1.76848 0.0524917 0.00405776
others 9 3188 1.79545 0.0498261 0.00395338
others 10 3188 1.81772 0.0470504 0.00384169
others 11 3188 1.83634 0.0443045 0.00372791
others 12 3188 1.85206 0.0416585 0.00361487
others 13 3188 1.86547 0.0391457 0.00350415
others 14 3188 1.87699 0.0367794 0.00339659
others 15 3188 1.88696 0.0345621 0.00329261
others 16 3188 1.89567 0.0324903 0.0031924
others 17 3188 1.90331 0.0305575 0.00309599
others 18 3188 1.91006 0.0287557 0.00300333
others 19 3188 1.91606 0.0270764 0.00291431
others 20 3188 1.92142 0.0255108 0.00282881
others 21 3188 1.92623 0.0240508 0.00274667
others 22 3188 1.93057 0.0226885 0.00266774
others 23 3188 1.93451 0.0214164 0.00259187
others 24 3188 1.93809 0.0202277 0.00251892
others 25 3188 1.94136 0.0191162 0.00244873
others 26 3188 1.94436 0.018076 0.00238118
others 27 3188 1.94712 0.0171017 0.00231612
others 28 3188 1.94967 0.0161886 0.00225344
others 29 3188 1.95203 0.0153321 0.00219302
others 30 3188 1.95422 0.0145281 0.00213474
others 31 3188 1.95627 0.013773 0.00207852
others 32 3188 1.95817 0.0130631 0.00202425
others 33 3188 1.95996 0.0123954 0.00197184
others 34 3188 1.96163 0.011767 0.00192121
others 35 3188 1.9632 0.0111752 0.00187227
others 36 3188 1.96468 0.0106175 0.00182495
others 37 3188 1.96607 0.0100916 0.00177918
others 38 3188 1.96739 0.0095955 0.0017349
others 39 3188 1.96864 0.00912722 0.00169204
others 40 3188 1.96982 0.00868498 0.00165054
others 41 3188 1.97094 0.00826712 0.00161034
others 42 3188 1.97201 0.0078721 0.0015714
others 43 3188 1.97302 0.00749851 0.00153366
others 44 3188 1.97398 0.00714502 0.00149707
others 45 3188 1.9749 0.0068104 0.0014616
others 46 3188 1.97578 0.00649352 0.00142719
others 47 3188 1.97662 0.0061933 0.0013938
others 48 3188 1.97742 0.00590876 0.00136141
others 49 3188 1.97818 0.00563897 0.00132997
others 50 3188 1.97892 0.00538308 0.00129944
others 51 3188 1.97962 0.00514028 0.0012698
others 52 3188 1.98029 0.00490981 0.001241
others 53 3188 1.98094 0.00469097 0.00121303
others 54 3188 1.98156 0.0044831 0.00118585
others 55 3188 1.98215 0.0042856 0.00115944
others 56 3188 1.98273 0.00409787 0.00113376
others 57 3188 1.98328 0.00391938 0.00110879
others 58 3188 1.98381 0.00374963 0.00108451
others 59 3188 1.98432 0.00358812 0.0010609
others 60 3188 1.98481 0.00343442 0.00103793
others 61 3188 1.98528 0.00328811 0.00101558
others 62 3188 1.98574 0.00314878 0.00099383
others 63 3188 1.98617 0.00301607 0.000972661
others 64 3188 1.9866 0.00288963 0.000952054
others 65 3188 1.98701 0.00276912 0.000931991
others 66 3188 1.9874 0.00265424 0.000912454
others 67 3188 1.98778 0.00254469 0.000893426
others 68 3188 1.98815 0.0024402 0.000874891
others 69 3188 1.9885 0.00234051 0.000856833
others 70 3188 1.98885 0.00224537 0.000839238
others 71 3188 1.98918 0.00215456 0.000822091
others 72 3188 1.9895 0.00206784 0.000805377
others 73 3188 1.98981 0.00198502 0.000789084
others 74 3188 1.99011 0.0019059 0.000773198
others 75 3188 1.9904 0.00183029 0.000757707
others 76 3188 1.99068 0.00175803 0.000742598
others 77 3188 1.99095 0.00168894 0.000727861
others 78 3188 1.99121 0.00162288 0.000713483
others 79 3188 1.99147 0.00155968 0.000699454
others 80 3188 1.99171 0.00149923 0.000685764
others 81 3188 1.99195 0.00144137 0.000672401
others 82 3188 1.99218 0.00138599 0.000659357
others 83 3188 1.99241 0.00133296 0.000646621
others 84 3188 1.99262 0.00128219 0.000634185
others 85 3188 1.99283 0.00123355 0.00062204
others 86 3188 1.99304 0.00118694 0.000610177
others 87 3188 1.99323 0.00114228 0.000598588
others 88 3188 1.99342 0.00109948 0.000587265
others 89 3188 1.99361 0.00105843 0.000576199
others 90 3188 1.99379 0.00101907 0.000565384
others 91 3188 1.99396 0.00098132 0.000554812
others 92 3188 1.99413 0.000945099 0.000544477
others 93 3188 1.9943 0.00091034 0.000534371
others 94 3188 1.99446 0.000876978 0.000524487
others 95 3188 1.99461 0.000844948 0.000514821
others 96 3188 1.99476 0.000814192 0.000505364
others 97 3188 1.9949 0.000784652 0.000496112
others 98 3188 1.99505 0.000756274 0.000487058
others 99 3188 1.99518 0.000729007 0.000478197
others 100 3188 1.99532 0.000702802 0.000469524
others 101 3188 1.99544 0.000677613 0.000461033
others 102 3188 1.99557 0.000653395 0.000452719
others 103 3188 1.99569 0.000630105 0.000444577
others 104 3188 1.99581 0.000607705 0.000436604
others 105 3188 1.99592 0.000586156 0.000428793
others 106 3188 1.99603 0.000565422 0.000421141
others 107 3188 1.99614 0.000545467 0.000413643
others 108 3188 1.99625 0.00052626 0.000406295
others 109 3188 1.99635 0.000507769 0.000399093
others 110 3188 1.99645 0.000489964 0.000392033
others 111 3188 1.99655 0.000472817 0.000385112
others 112 3188 1.99664 0.0004563 0.000378326
others 113 3188 1.99673 0.000440388 0.000371671
others 114 3188 1.99682 0.000425056 0.000365144
others 115 3188 1.9969 0.00041028 0.000358741
others 116 3188 1.99699 0.000396038 0.000352459
others 117 3188 1.99707 0.000382309 0.000346296
others 118 3188 1.99715 0.000369072 0.000340248
others 119 3188 1.99722 0.000356307 0.000334313
others 120 3188 1.9973 0.000343997 0.000328487
others 121 3188 1.99737 0.000332123 0.000322768
others 122 3188 1.99744 0.000320668 0.000317153
others 123 3188 1.99751 0.000309616 0.000311639
others 124 3188 1.99758 0.000298951 0.000306225
others 125 3188 1.99764 0.000288659 0.000300908
others 126 3188 1.9977 0.000278726 0.000295685
others 127 3188 1.99776 0.000269137 0.000290554
others 128 3188 1.99782 0.00025988 0.000285514
others 129 3188 1.99788 0.000250943 0.000280562
others 130 3188 1.99794 0.000242313 0.000275695
others 131 3188 1.99799 0.000233979 0.000270913
others 132 3188 1.99805 0.000225931 0.000266213
others 133 3188 1.9981 0.000218157 0.000261593
others 134 3188 1.99815 0.000210648 0.000257051
others 135 3188 1.9982 0.000203394 0.000252587
others 136 3188 1.99824 0.000196387 0.000248197
others 137 3188 1.99829 0.000189616 0.000243881
others 138 3188 1.99834 0.000183074 0.000239637
others 139 3188 1.99838 0.000176752 0.000235463
others 140 3188 1.99842 0.000170643 0.000231359
others 141 3188 1.99846 0.00016474 0.000227321
others 142 3188 1.9985 0.000159034 0.00022335
others 143 3188 1.99854 0.00015352 0.000219444
others 144 3188 1.99858 0.00014819 0.000215601
others 145 3188 1.99862 0.000143039 0.00021182
others 146 3188 1.99866 0.000138059 0.000208101
others 147 3188 1.99869 0.000133246 0.000204441
others 148 3188 1.99873 0.000128593 0.00020084
others 149 3188 1.99876 0.000124095 0.000197296
others 150 3188 1.99879 0.000119747 0.000193809
others 151 3188 1.99882 0.000115544 0.000190377
others 152 3188 1.99885 0.00011148 0.000186999
others 153 3188 1.99888 0.000107552 0.000183675
others 154 3188 1.99891 0.000103754 0.000180403
others 155 3188 1.99894 0.000100083 0.000177183
others 156 3188 1.99897 9.65339e-05 0.000174013
others 157 3188 1.999 9.31029e-05 0.000170892
others 158 3188 1.99902 8.97862e-05 0.000167821
others 159 3188 1.99905 8.658e-05 0.000164797
others 160 3188 1.99907 8.34806e-05 0.000161821
others 161 3188 1.9991 8.04846e-05 0.00015889
others 162 3188 1.99912 7.75887e-05 0.000156006
others 163 3188 1.99914 7.47894e-05 0.000153165
others 164 3188 1.99917 7.20838e-05 0.000150369
others 165 3188 1.99919 6.94688e-05 0.000147617
others 166 3188 1.99921 6.69414e-05 0.000144907
others 167 3188 1.99923 6.44988e-05 0.000142238
others 168 3188 1.99925 6.21383e-05 0.000139611
others 169 3188 1.99927 5.98573e-05 0.000137025
others 170 3188 1.99929 5.76531e-05 0.000134478
others 171 3188 1.99931 5.55234e-05 0.000131971
others 172 3188 1.99933 5.34657e-05 0.000129503
others 173 3188 1.99935 5.14777e-05 0.000127072
others 174 3188 1.99936 4.95573e-05 0.000124679
others 175 3188 1.99938 4.77021e-05 0.000122323
others 176 3188 1.9994 4.59102e-05 0.000120004
others 177 3188 1.99941 4.41795e-05 0.00011772
others 178 3188 1.99943 4.25081e-05 0.000115472
others 179 3188 1.99944 4.0894e-05 0.000113258
others 180 3188 1.99946 3.93355e-05 0.000111079
others 181 3188 1.99947 3.78307e-05 0.000108934
others 182 3188 1.99949 3.63779e-05 0.000106822
others 183 3188 1.9995 3.49755e-05 0.000104743
others 184 3188 1.99951 3.36219e-05 0.000102696
others 185 3188 1.99953 3.23155e-05 0.000100681
others 186 3188 1.99954 3.10547e-05 9.86971e-05
others 187 3188 1.99955 2.98381e-05 9.67446e-05
others 188 3188 1.99956 2.86644e-05 9.48227e-05
others 189 3188 1.99958 2.7532e-05 9.29309e-05
others 190 3188 1.99959 2.64398e-05 9.10688e-05
others 191 3188 1.9996 2.53863e-05 8.92361e-05
others 192 3188 1.99961 2.43704e-05 8.74323e-05
others 193 3188 1.99962 2.33907e-05 8.5657e-05
others 194 3188 1.99963 2.24462e-05 8.39098e-05
others 195 3188 1.99964 2.15358e-05 8.21904e-05
others 196 3188 1.99965 2.06582e-05 8.04983e-05
others 197 3188 1.99966 1.98124e-05 7.88332e-05
others 198 3188 1.99967 1.89974e-05 7.71948e-05
others 199 3188 1.99968 1.82122e-05 7.55827e-05
others 200 3188 1.99969 1.74558e-05 7.39964e-05
others 201 3188 1.9997 1.67272e-05 7.24358e-05
others 202 3188 1.99971 1.60256e-05 7.09003e-05
others 203 3188 1.99971 1.535e-05 6.93898e-05
others 204 3188 1.99972 1.46996e-05 6.79038e-05
others 205 3188 1.99973 1.40736e-05 6.64421e-05
others 206 3188 1.99974 1.34711e-05 6.50043e-05
others 207 3188 1.99975 1.28913e-05 6.359e-05
others 208 3188 1.99975 1.23335e-05 6.21991e-05
others 209 3188 1.99976 1.1797e-05 6.08311e-05
others 210 3188 1.99977 1.12809e-05 5.94858e-05
others 211 3188 1.99977 1.07847e-05 5.81629e-05
others 212 3188 1.99978 1.03077e-05 5.6862e-05
others 213 3188 1.99979 9.8492e-06 5.55829e-05
others 214 3188 1.99979 9.40856e-06 5.43253e-05
others 215 3188 1.9998 8.98518e-06 5.3089e-05
others 216 3188 1.99981 8.57847e-06 5.18735e-05
others 217 3188 1.99981 8.18785e-06 5.06787e-05
others 218 3188 1.99982 7.81276e-06 4.95043e-05
others 219 3188 1.99982 7.45266e-06 4.835e-05
others 220 3188 1.99983 7.10704e-06 4.72156e-05
others 221 3188 1.99983 6.77537e-06 4.61007e-05
others 222 3188 1.99984 6.45718e-06 4.50051e-05
others 223 3188 1.99984 6.15197e-06 4.39287e-05
others 224 3188 1.99985 5.8593e-06 4.2871e-05
others 225 3188 1.99985 5.57871e-06 4.18319e-05
others 226 3188 1.99986 5.30977e-06 4.08111e-05
others 227 3188 1.99986 5.05206e-06 3.98084e-05
others 228 3188 1.99987 4.80518e-06 3.88236e-05
others 229 3188 1.99987 4.56873e-06 3.78563e-05
others 230 3188 1.99987 4.34232e-06 3.69064e-05
others 231 3188 1.99988 4.1256e-06 3.59737e-05
others 232 3188 1.99988 3.91821e-06 3.50578e-05
others 233 3188 1.99989 3.71979e-06 3.41586e-05
others 234 3188 1.99989 3.53002e-06 3.32759e-05
others 235 3188 1.99989 3.34857e-06 3.24094e-05
others 236 3188 1.9999 3.17513e-06 3.15589e-05
others 237 3188 1.9999 3.0094e-06 3.07242e-05
others 238 3188 1.9999 2.85108e-06 2.99051e-05
others 239 3188 1.99991 2.69989e-06 2.91014e-05
others 240 3188 1.99991 2.55555e-06 2.83128e-05
others 241 3188 1.99991 2.41781e-06 2.75392e-05
others 242 3188 1.99992 2.2864e-06 2.67804e-05
others 243 3188 1.99992 2.16108e-06 2.60361e-05
others 244 3188 1.99992 2.0416e-06 2.53062e-05
others 245 3188 1.99993 1.92775e-06 2.45904e-05
others 246 3188 1.99993 1.81929e-06 2.38886e-05
others 247 3188 1.99993 1.716e-06 2.32006e-05
others 248 3188 1.99993 1.61769e-06 2.25262e-05
others 249 3188 1.99994 1.52414e-06 2.18652e-05
others 250 3188 1.99994 1.43517e-06 2.12174e-05
others 251 3188 1.99994 1.35059e-06 2.05827e-05
others 252 3188 1.99994 1.27021e-06 1.99608e-05
others 253 3188 1.99995 1.19386e-06 1.93516e-05
others 254 3188 1.99995 1.12137e-06 1.87549e-05
others 255 3188 1.99995 1.05258e-06 1.81706e-05
others 256 3188 1.99995 9.8733e-07 1.75984e-05
others 257 3188 1.99995 9.25472e-07 1.70382e-05
others 258 3188 1.99996 8.66859e-07 1.64898e-05
others 259 3188 1.99996 8.11349e-07 1.59531e-05
others 260 3188 1.99996 7.58807e-07 1.54279e-05
others 261 3188 1.99996 7.09101e-07 1.4914e-05
others 262 3188 1.99996 6.62107e-07 1.44114e-05
others 263 3188 1.99996 6.17703e-07 1.39197e-05
others 264 3188 1.99997 5.75772e-07 1.3439e-05
others 265 3188 1.99997 5.36201e-07 1.29689e-05
others 266 3188 1.99997 4.98882e-07 1.25095e-05
others 267 3188 1.99997 4.63712e-07 1.20605e-05
others 268 3188 1.99997 4.30588e-07 1.16218e-05
others 269 3188 1.99997 3.99416e-07 1.11932e-05
others 270 3188 1.99997 3.70102e-07 1.07746e-05
others 271 3188 1.99998 3.42557e-07 1.03659e-05
others 272 3188 1.99998 3.16696e-07 9.96694e-06
others 273 3188 1.99998 2.92435e-07 9.57757e-06
others 274 3188 1.99998 2.69696e-07 9.19767e-06
others 275 3188 1.99998 2.48402e-07 8.82711e-06
others 276 3188 1.99998 2.28481e-07 8.46576e-06
others 277 3188 1.99998 2.09863e-07 8.1135e-06
others 278 3188 1.99998 1.92479e-07 7.77021e-06
others 279 3188 1.99998 1.76266e-07 7.43576e-06
others 280 3188 1.99998 1.61162e-07 7.11003e-06
others 281 3188 1.99999 1.47106e-07 6.79292e-06
others 282 3188 1.99999 1.34043e-07 6.4843e-06
others 283 3188 1.99999 1.21918e-07 6.18407e-06
others 284 3188 1.99999 1.10678e-07 5.89212e-06
others 285 3188 1.99999 1.00274e-07 5.60834e-06
others 286 3188 1.99999 9.06566e-08 5.33262e-06
others 287 3188 1.99999 8.17812e-08 5.06486e-06
others 288 3188 1.99999 7.36037e-08 4.80497e-06
others 289 3188 1.99999 6.6082e-08 4.55284e-06
others 290 3188 1.99999 5.91761e-08 4.30838e-06
others 291 3188 1.99999 5.28477e-08 4.0715e-06
others 292 3188 1.99999 4.70603e-08 3.8421e-06
others 293 3188 1.99999 4.1779e-08 3.62009e-06
others 294 3188 1.99999 3.69704e-08 3.4054e-06
others 295 3188 1.99999 3.2603e-08 3.19793e-06
others 296 3188 1.99999 2.86463e-08 2.99761e-06
others 297 3188 2 2.50717e-08 2.80435e-06
others 298 3188 2 2.18518e-08 2.61809e-06

