SP 2 3188 0.1781 0.0405931 0.00356834
SP 3 3188 0.138181 0.0324399 0.00318993
SP 4 3188 0.107859 0.0253871 0.00282194
SP 5 3188 0.0852574 0.0197395 0.00248833
SP 6 3188 0.0682558 0.0153336 0.00219312
SP 7 3188 0.055276 0.0119365 0.00193499
SP 8 3188 0.0452187 0.00933061 0.00171079
SP 9 3188 0.0373206 0.00733371 0.00151671
SP 10 3188 0.0310441 0.00580087 0.00134892
SP 11 3188 0.0260042 0.00462001 0.00120382
SP 12 3188 0.02192 0.00370586 0.00107817
SP 13 3188 0.0185831 0.00299411 0.000969113
SP 14 3188 0.0158368 0.00243645 0.000874218
SP 15 3188 0.0135617 0.00199665 0.000791391
SP 16 3188 0.0116655 0.00164743 0.00071886
SP 17 3188 0.0100764 0.00136825 0.000655125
SP 18 3188 0.00873788 0.00114355 0.00059892
SP 19 3188 0.00760507 0.000961482 0.000549176
SP 20 3188 0.00664214 0.00081299 0.000504991
SP 21 3188 0.00582024 0.000691106 0.0004656
SP 22 3188 0.00511601 0.000590441 0.000430357
SP 23 3188 0.00451039 0.000506803 0.000398713
SP 24 3188 0.00398777 0.000436911 0.000370201
SP 25 3188 0.00353531 0.000378184 0.000344423
SP 26 3188 0.00314237 0.000328577 0.00032104
SP 27 3188 0.0028001 0.000286464 0.000299762
SP 28 3188 0.00250111 0.000250544 0.000280339
SP 29 3188 0.00223923 0.000219769 0.000262557
SP 30 3188 0.00200924 0.00019329 0.000246233
SP 31 3188 0.00180676 0.000170419 0.000231206
SP 32 3188 0.00162805 0.000150591 0.00021734
SP 33 3188 0.00146995 0.000133341 0.000204514
SP 34 3188 0.00132977 0.000118288 0.000192624
SP 35 3188 0.00120521 0.000105112 0.00018158
SP 36 3188 0.00109427 9.35481e-05 0.0001713
SP 37 3188 0.000995273 8.33732e-05 0.000161716
SP 38 3188 0.000906745 7.43999e-05 0.000152766
SP 39 3188 0.000827423 6.64693e-05 0.000144395
SP 40 3188 0.000756214 5.94467e-05 0.000136554
SP 41 3188 0.000692166 5.32169e-05 0.000129201
SP 42 3188 0.000634453 4.76813e-05 0.000122297
SP 43 3188 0.000582357 4.27552e-05 0.000115807
SP 44 3188 0.000535247 3.83654e-05 0.000109701
SP 45 3188 0.000492575 3.44486e-05 0.000103951
SP 46 3188 0.000453857 3.09499e-05 9.85305e-05
SP 47 3188 0.000418672 2.78213e-05 9.34178e-05
SP 48 3188 0.000386645 2.5021e-05 8.85918e-05
SP 49 3188 0.00035745 2.25124e-05 8.40333e-05
SP 50 3188 0.000330797 2.02632e-05 7.9725e-05
SP 51 3188 0.000306428 1.82452e-05 7.5651e-05
SP 52 3188 0.000284117 1.64333e-05 7.17966e-05
SP 53 3188 0.000263662 1.48056e-05 6.81482e-05
SP 54 3188 0.000244886 1.33426e-05 6.46934e-05
SP 55 3188 0.000227627 1.20268e-05 6.14208e-05
SP 56 3188 0.000211744 1.08429e-05 5.83195e-05
SP 57 3188 0.00019711 9.77729e-06 5.53796e-05
SP 58 3188 0.000183611 8.81775e-06 5.2592e-05
SP 59 3188 0.000171147 7.95343e-06 4.9948e-05
SP 60 3188 0.000159624 7.17462e-06 4.74395e-05
SP 61 3188 0.000148963 6.47268e-06 4.50592e-05
SP 62 3188 0.000139087 5.83986e-06 4.27998e-05
SP 63 3188 0.000129933 5.26921e-06 4.0655e-05
SP 64 3188 0.000121438 4.75452e-06 3.86184e-05
SP 65 3188 0.000113549 4.29023e-06 3.66844e-05
SP 66 3188 0.000106217 3.87132e-06 3.48474e-05
SP 67 3188 9.93975e-05 3.49332e-06 3.31024e-05
SP 68 3188 9.30496e-05 3.15218e-06 3.14446e-05
SP 69 3188 8.71369e-05 2.84427e-06 2.98694e-05
SP 70 3188 8.16257e-05 2.56635e-06 2.83726e-05
SP 71 3188 7.64857e-05 2.31546e-06 2.695e-05
SP 72 3188 7.16891e-05 2.08896e-06 2.5598e-05
SP 73 3188 6.72102e-05 1.88449e-06 2.43129e-05
SP 74 3188 6.3026e-05 1.69988e-06 2.30914e-05
SP 75 3188 5.91151e-05 1.53321e-06 2.19302e-05
SP 76 3188 5.54578e-05 1.38274e-06 2.08263e-05
SP 77 3188 5.20362e-05 1.24689e-06 1.97768e-05
SP 78 3188 4.88338e-05 1.12425e-06 1.8779e-05
SP 79 3188 4.58354e-05 1.01353e-06 1.78303e-05
SP 80 3188 4.30269e-05 9.13582e-07 1.69284e-05
SP 81 3188 4.03955e-05 8.23364e-07 1.60708e-05
SP 82 3188 3.7929e-05 7.41934e-07 1.52554e-05
SP 83 3188 3.56166e-05 6.68442e-07 1.44801e-05
SP 84 3188 3.3448e-05 6.0212e-07 1.3743e-05
SP 85 3188 3.14137e-05 5.42275e-07 1.30422e-05
SP 86 3188 2.95049e-05 4.88281e-07 1.23759e-05
SP 87 3188 2.77135e-05 4.39572e-07 1.17424e-05
SP 88 3188 2.60319e-05 3.95636e-07 1.11401e-05
SP 89 3188 2.44531e-05 3.56012e-07 1.05675e-05
SP 90 3188 2.29706e-05 3.20281e-07 1.00232e-05
SP 91 3188 2.15782e-05 2.88067e-07 9.50577e-06
SP 92 3188 2.02703e-05 2.59028e-07 9.01393e-06
SP 93 3188 1.90415e-05 2.32857e-07 8.54644e-06
SP 94 3188 1.78871e-05 2.09274e-07 8.10211e-06
SP 95 3188 1.68023e-05 1.88028e-07 7.67983e-06
SP 96 3188 1.57828e-05 1.68891e-07 7.27853e-06
SP 97 3188 1.48247e-05 1.51658e-07 6.89721e-06
SP 98 3188 1.39242e-05 1.36143e-07 6.53488e-06
SP 99 3188 1.30778e-05 1.22177e-07 6.19065e-06
SP 100 3188 1.22821e-05 1.0961e-07 5.86363e-06
SP 101 3188 1.15342e-05 9.83041e-08 5.55299e-06
SP 102 3188 1.0831e-05 8.81352e-08 5.25794e-06
SP 103 3188 1.017e-05 7.89916e-08 4.97773e-06
SP 104 3188 9.5486e-06 7.07722e-08 4.71164e-06
SP 105 3188 8.9644e-06 6.33858e-08 4.45899e-06
SP 106 3188 8.41518e-06 5.67498e-08 4.21913e-06
SP 107 3188 7.89886e-06 5.079e-08 3.99144e-06
SP 108 3188 7.41347e-06 4.54389e-08 3.77533e-06
SP 109 3188 6.95717e-06 4.06361e-08 3.57024e-06
SP 110 3188 6.52823e-06 3.63267e-08 3.37562e-06
SP 111 3188 6.12503e-06 3.24615e-08 3.19099e-06
SP 112 3188 5.74603e-06 2.89957e-08 3.01584e-06
SP 113 3188 5.38981e-06 2.58893e-08 2.84971e-06
SP 114 3188 5.05501e-06 2.31059e-08 2.69217e-06
SP 115 3188 4.74036e-06 2.06129e-08 2.54279e-06
SP 116 3188 4.44468e-06 1.83809e-08 2.40118e-06
SP 117 3188 4.16683e-06 1.63833e-08 2.26695e-06
SP 118 3188 3.90577e-06 1.45963e-08 2.13974e-06
SP 119 3188 3.66049e-06 1.29981e-08 2.01921e-06
SP 120 3188 3.43008e-06 1.15696e-08 1.90502e-06
SP 121 3188 3.21364e-06 1.02931e-08 1.79686e-06
SP 122 3188 3.01035e-06 9.15312e-09 1.69444e-06
SP 123 3188 2.81943e-06 8.13536e-09 1.59746e-06
SP 124 3188 2.64016e-06 7.22718e-09 1.50565e-06
SP 125 3188 2.47183e-06 6.41712e-09 1.41877e-06
SP 126 3188 2.3138e-06 5.69494e-09 1.33655e-06
SP 127 3188 2.16546e-06 5.05139e-09 1.25877e-06
SP 128 3188 2.02623e-06 4.47818e-09 1.1852e-06
SP 129 3188 1.89557e-06 3.96789e-09 1.11563e-06
SP 130 3188 1.77298e-06 3.51382e-09 1.04986e-06
SP 131 3188 1.65796e-06 3.10999e-09 9.8769e-07
SP 132 3188 1.55007e-06 2.75102e-09 9.2894e-07
SP 133 3188 1.44889e-06 2.4321e-09 8.73436e-07
SP 134 3188 1.354e-06 2.1489e-09 8.2101e-07
SP 135 3188 1.26504e-06 1.89756e-09 7.71504e-07
SP 136 3188 1.18165e-06 1.67461e-09 7.24767e-07
SP 137 3188 1.10349e-06 1.47697e-09 6.80654e-07
SP 138 3188 1.03024e-06 1.30185e-09 6.39031e-07
SP 139 3188 9.61624e-07 1.14678e-09 5.99765e-07
SP 140 3188 8.97346e-07 1.00954e-09 5.62735e-07
SP 141 3188 8.37148e-07 8.88161e-10 5.27821e-07
SP 142 3188 7.80781e-07 7.80864e-10 4.94913e-07
SP 143 3188 7.28013e-07 6.86076e-10 4.63903e-07
SP 144 3188 6.78625e-07 6.02391e-10 4.3469e-07
SP 145 3188 6.3241e-07 5.28555e-10 4.07179e-07
SP 146 3188 5.89174e-07 4.63449e-10 3.81278e-07
SP 147 3188 5.48734e-07 4.0608e-10 3.569e-07
SP 148 3188 5.10918e-07 3.5556e-10 3.33962e-07
SP 149 3188 4.75564e-07 3.11102e-10 3.12387e-07
SP 150 3188 4.4252e-07 2.72005e-10 2.92098e-07
SP 151 3188 4.11644e-07 2.37645e-10 2.73027e-07
SP 152 3188 3.82799e-07 2.07471e-10 2.55105e-07
SP 153 3188 3.5586e-07 1.8099e-10 2.38269e-07
SP 154 3188 3.30706e-07 1.57767e-10 2.22459e-07
SP 155 3188 3.07227e-07 1.37417e-10 2.07616e-07
SP 156 3188 2.85317e-07 1.19597e-10 1.93687e-07
SP 157 3188 2.64877e-07 1.04004e-10 1.8062e-07
SP 158 3188 2.45814e-07 9.03707e-11 1.68366e-07
SP 159 3188 2.2804e-07 7.84594e-11 1.56878e-07
SP 160 3188 2.11473e-07 6.8061e-11 1.46113e-07
SP 161 3188 1.96036e-07 5.89905e-11 1.36029e-07
SP 162 3188 1.81656e-07 5.10847e-11 1.26586e-07
SP 163 3188 1.68265e-07 4.41997e-11 1.17747e-07
SP 164 3188 1.558e-07 3.82088e-11 1.09477e-07

SLC_Andean 2 3188 0.016476 0.00160391 0.000709301
SLC_Andean 3 3188 0.0114039 0.00123429 0.000622229
SLC_Andean 4 3188 0.00806526 0.000862157 0.000520037
SLC_Andean 5 3188 0.00577558 0.000577545 0.000425632
SLC_Andean 6 3188 0.00416596 0.000382447 0.000346359
SLC_Andean 7 3188 0.00302007 0.000255394 0.000283039
SLC_Andean 8 3188 0.00219905 0.000174382 0.000233879
SLC_Andean 9 3188 0.00160869 0.000122786 0.000196253
SLC_Andean 10 3188 0.00118316 8.94616e-05 0.000167517
SLC_Andean 11 3188 0.000875812 6.73747e-05 0.000145375
SLC_Andean 12 3188 0.000653313 5.22297e-05 0.000127997
SLC_Andean 13 3188 0.000491796 4.14441e-05 0.000114018
SLC_Andean 14 3188 0.00037414 3.34713e-05 0.000102465
SLC_Andean 15 3188 0.000288057 2.73782e-05 9.26709e-05
SLC_Andean 16 3188 0.000224728 2.25927e-05 8.41831e-05
SLC_Andean 17 3188 0.000177826 1.87542e-05 7.66991e-05
SLC_Andean 18 3188 0.000142808 1.56276e-05 7.00144e-05
SLC_Andean 19 3188 0.000116414 1.30533e-05 6.39884e-05
SLC_Andean 20 3188 9.6301e-05 1.09182e-05 5.85216e-05
SLC_Andean 21 3188 8.0784e-05 9.13875e-06 5.35407e-05
SLC_Andean 22 3188 6.86498e-05 7.65122e-06 4.89899e-05
SLC_Andean 23 3188 5.90231e-05 6.40542e-06 4.48244e-05
SLC_Andean 24 3188 5.12704e-05 5.361e-06 4.10075e-05
SLC_Andean 25 3188 4.49321e-05 4.48502e-06 3.75079e-05
SLC_Andean 26 3188 3.96735e-05 3.75025e-06 3.42982e-05
SLC_Andean 27 3188 3.52491e-05 3.13403e-06 3.1354e-05
SLC_Andean 28 3188 3.14784e-05 2.61743e-06 2.86535e-05
SLC_Andean 29 3188 2.82274e-05 2.18454e-06 2.6177e-05
SLC_Andean 30 3188 2.53957e-05 1.82199e-06 2.39064e-05
SLC_Andean 31 3188 2.29076e-05 1.51854e-06 2.1825e-05
SLC_Andean 32 3188 2.07051e-05 1.26472e-06 1.99176e-05
SLC_Andean 33 3188 1.87435e-05 1.05255e-06 1.81703e-05
SLC_Andean 34 3188 1.69876e-05 8.75329e-07 1.65702e-05
SLC_Andean 35 3188 1.54094e-05 7.27401e-07 1.51052e-05
SLC_Andean 36 3188 1.39863e-05 6.04014e-07 1.37646e-05
SLC_Andean 37 3188 1.26999e-05 5.01173e-07 1.25382e-05
SLC_Andean 38 3188 1.15345e-05 4.1552e-07 1.14166e-05
SLC_Andean 39 3188 1.04773e-05 3.44237e-07 1.03913e-05
SLC_Andean 40 3188 9.51712e-06 2.84958e-07 9.45435e-06
SLC_Andean 41 3188 8.64427e-06 2.357e-07 8.59847e-06
SLC_Andean 42 3188 7.85035e-06 1.94801e-07 7.81694e-06
SLC_Andean 43 3188 7.12794e-06 1.60869e-07 7.10357e-06
SLC_Andean 44 3188 6.47045e-06 1.32739e-07 6.45267e-06
SLC_Andean 45 3188 5.87197e-06 1.09437e-07 5.859e-06
SLC_Andean 46 3188 5.3272e-06 9.01517e-08 5.31775e-06
SLC_Andean 47 3188 4.83136e-06 7.42026e-08 4.82448e-06
SLC_Andean 48 3188 4.38013e-06 6.10235e-08 4.37511e-06
SLC_Andean 49 3188 3.96956e-06 5.01424e-08 3.96591e-06
SLC_Andean 50 3188 3.59609e-06 4.11661e-08 3.59344e-06
SLC_Andean 51 3188 3.25647e-06 3.37674e-08 3.25454e-06
SLC_Andean 52 3188 2.94771e-06 2.76742e-08 2.94631e-06
SLC_Andean 53 3188 2.66711e-06 2.26605e-08 2.6661e-06
SLC_Andean 54 3188 2.41219e-06 1.85386e-08 2.41146e-06
SLC_Andean 55 3188 2.18069e-06 1.51529e-08 2.18016e-06
SLC_Andean 56 3188 1.97054e-06 1.23742e-08 1.97015e-06
SLC_Andean 57 3188 1.77984e-06 1.00959e-08 1.77956e-06
SLC_Andean 58 3188 1.60686e-06 8.22937e-09 1.60666e-06
SLC_Andean 59 3188 1.45003e-06 6.7017e-09 1.44988e-06
SLC_Andean 60 3188 1.3079e-06 5.45249e-09 1.30779e-06
SLC_Andean 61 3188 1.17914e-06 4.43192e-09 1.17906e-06
SLC_Andean 62 3188 1.06255e-06 3.59891e-09 1.06249e-06
SLC_Andean 63 3188 9.57026e-07 2.91965e-09 9.56988e-07
SLC_Andean 64 3188 8.61564e-07 2.36628e-09 8.61536e-07
SLC_Andean 65 3188 7.75242e-07 1.91589e-09 7.75223e-07
SLC_Andean 66 3188 6.97223e-07 1.54969e-09 6.97209e-07
SLC_Andean 67 3188 6.2674e-07 1.25222e-09 6.2673e-07
SLC_Andean 68 3188 5.63097e-07 1.01082e-09 5.6309e-07
SLC_Andean 69 3188 5.05658e-07 8.15122e-10 5.05652e-07
SLC_Andean 70 3188 4.53842e-07 6.5663e-10 4.53838e-07
SLC_Andean 71 3188 4.07123e-07 5.28402e-10 4.07121e-07
SLC_Andean 72 3188 3.65021e-07 4.24765e-10 3.65019e-07
SLC_Andean 73 3188 3.27098e-07 3.41091e-10 3.27096e-07
SLC_Andean 74 3188 2.92957e-07 2.73604e-10 2.92956e-07
SLC_Andean 75 3188 2.62236e-07 2.19231e-10 2.62236e-07
SLC_Andean 76 3188 2.34608e-07 1.7547e-10 2.34608e-07
SLC_Andean 77 3188 2.09774e-07 1.40288e-10 2.09774e-07
SLC_Andean 78 3188 1.87464e-07 1.12035e-10 1.87464e-07
SLC_Andean 79 3188 1.67431e-07 8.93696e-11 1.67431e-07
SLC_Andean 80 3188 1.49453e-07 7.12081e-11 1.49453e-07
SLC_Andean 81 3188 1.33329e-07 5.66716e-11 1.33329e-07
SLC_Andean 82 3188 1.18874e-07 4.50499e-11 1.18874e-07
SLC_Andean 83 3188 1.05924e-07 3.57691e-11 1.05924e-07
SLC_Andean 84 3188 9.43283e-08 2.83663e-11 9.43283e-08
SLC_Andean 85 3188 8.39512e-08 2.24684e-11 8.39511e-08
SLC_Andean 86 3188 7.467e-08 1.7775e-11 7.467e-08
SLC_Andean 87 3188 6.63739e-08 1.40447e-11 6.63739e-08
SLC_Andean 88 3188 5.89627e-08 1.10834e-11 5.89627e-08
SLC_Andean 89 3188 5.2346e-08 8.73545e-12 5.2346e-08
SLC_Andean 90 3188 4.64422e-08 6.87611e-12 4.64422e-08
SLC_Andean 91 3188 4.11776e-08 5.40556e-12 4.11776e-08
SLC_Andean 92 3188 3.6486e-08 4.24396e-12 3.6486e-08
SLC_Andean 93 3188 3.23077e-08 3.32759e-12 3.23077e-08
SLC_Andean 94 3188 2.85887e-08 2.6056e-12 2.85887e-08
SLC_Andean 95 3188 2.52808e-08 2.03751e-12 2.52808e-08
SLC_Andean 96 3188 2.23404e-08 1.59111e-12 2.23404e-08
SLC_Andean 97 3188 1.97283e-08 1.24079e-12 1.97283e-08
SLC_Andean 98 3188 1.74095e-08 9.66258e-13 1.74095e-08
SLC_Andean 99 3188 1.53524e-08 7.51403e-13 1.53524e-08
SLC_Andean 100 3188 1.35287e-08 5.83488e-13 1.35287e-08
SLC_Andean 101 3188 1.1913e-08 4.52442e-13 1.1913e-08
SLC_Andean 102 3188 1.04826e-08 3.50315e-13 1.04826e-08
SLC_Andean 103 3188 9.21714e-09 2.70839e-13 9.21714e-09
SLC_Andean 104 3188 8.09835e-09 2.0908e-13 8.09835e-09
SLC_Andean 105 3188 7.10997e-09 1.61159e-13 7.10997e-09
SLC_Andean 106 3188 6.23743e-09 1.24031e-13 6.23743e-09
SLC_Andean 107 3188 5.46772e-09 9.53082e-14 5.46772e-09
SLC_Andean 108 3188 4.78922e-09 7.31219e-14 4.78922e-09
SLC_Andean 109 3188 4.19157e-09 5.60109e-14 4.19157e-09
SLC_Andean 110 3188 3.66555e-09 4.28348e-14 3.66555e-09
SLC_Andean 111 3188 3.20293e-09 3.27048e-14 3.20293e-09
SLC_Andean 112 3188 2.79637e-09 2.49292e-14 2.79637e-09
SLC_Andean 113 3188 2.43938e-09 1.89705e-14 2.43938e-09
SLC_Andean 114 3188 2.12616e-09 1.44115e-14 2.12616e-09
SLC_Andean 115 3188 1.85156e-09 1.09294e-14 1.85156e-09
SLC_Andean 116 3188 1.61103e-09 8.27417e-15 1.61103e-09
SLC_Andean 117 3188 1.4005e-09 6.25298e-15 1.4005e-09
SLC_Andean 118 3188 1.2164e-09 4.71708e-15 1.2164e-09
SLC_Andean 119 3188 1.05555e-09 3.552e-15 1.05555e-09
SLC_Andean 120 3188 9.1512e-10 2.66977e-15 9.1512e-10
SLC_Andean 121 3188 7.92638e-10 2.00294e-15 7.92638e-10
SLC_Andean 122 3188 6.85902e-10 1.49983e-15 6.85902e-10
SLC_Andean 123 3188 5.92972e-10 1.12095e-15 5.92972e-10
SLC_Andean 124 3188 5.12135e-10 8.36157e-16 5.12135e-10
SLC_Andean 125 3188 4.41884e-10 6.22494e-16 4.41884e-10
SLC_Andean 126 3188 3.8089e-10 4.62506e-16 3.8089e-10
SLC_Andean 127 3188 3.27983e-10 3.42942e-16 3.27983e-10
SLC_Andean 128 3188 2.82135e-10 2.53766e-16 2.82135e-10
SLC_Andean 129 3188 2.42444e-10 1.87388e-16 2.42444e-10
SLC_Andean 130 3188 2.08117e-10 1.38081e-16 2.08117e-10
SLC_Andean 131 3188 1.78459e-10 1.0153e-16 1.78459e-10
SLC_Andean 132 3188 1.52861e-10 7.44927e-17 1.52861e-10
SLC_Andean 133 3188 1.30791e-10 5.45347e-17 1.30791e-10
SLC_Andean 134 3188 1.11782e-10 3.98346e-17 1.11782e-10
SLC_Andean 135 3188 9.54269e-11 2.90309e-17 9.54269e-11
SLC_Andean 136 3188 8.13709e-11 2.11085e-17 8.13709e-11
SLC_Andean 137 3188 6.93041e-11 1.53121e-17 6.93041e-11
SLC_Andean 138 3188 5.89565e-11 1.10811e-17 5.89565e-11
SLC_Andean 139 3188 5.00933e-11 7.99976e-18 5.00933e-11
SLC_Andean 140 3188 4.25103e-11 5.7611e-18 4.25103e-11
SLC_Andean 141 3188 3.60302e-11 4.13857e-18 3.60302e-11
SLC_Andean 142 3188 3.04992e-11 2.96548e-18 3.04992e-11
SLC_Andean 143 3188 2.5784e-11 2.11943e-18 2.5784e-11
SLC_Andean 144 3188 2.17693e-11 1.5108e-18 2.17693e-11
SLC_Andean 145 3188 1.83552e-11 1.07408e-18 1.83552e-11
SLC_Andean 146 3188 1.54556e-11 7.61537e-19 1.54556e-11
SLC_Andean 147 3188 1.29962e-11 5.38456e-19 1.29962e-11
SLC_Andean 148 3188 1.09128e-11 3.79658e-19 1.09128e-11
SLC_Andean 149 3188 9.1504e-12 2.66931e-19 9.1504e-12
SLC_Andean 150 3188 7.66149e-12 1.87131e-19 7.66149e-12
SLC_Andean 151 3188 6.4054e-12 1.30801e-19 6.4054e-12
SLC_Andean 152 3188 5.34721e-12 9.11534e-20 5.34721e-12
SLC_Andean 153 3188 4.45702e-12 6.33297e-20 4.45702e-12
SLC_Andean 154 3188 3.70925e-12 4.38623e-20 3.70925e-12
SLC_Andean 155 3188 3.08205e-12 3.0283e-20 3.08205e-12
SLC_Andean 156 3188 2.55678e-12 2.08403e-20 2.55678e-12
SLC_Andean 157 3188 2.11754e-12 1.4295e-20 2.11754e-12
SLC_Andean 158 3188 1.75083e-12 9.77251e-21 1.75083e-12
SLC_Andean 159 3188 1.44515e-12 6.65804e-21 1.44515e-12
SLC_Andean 160 3188 1.19077e-12 4.52038e-21 1.19077e-12
SLC_Andean 161 3188 9.79427e-13 3.05817e-21 9.79427e-13
SLC_Andean 162 3188 8.04136e-13 2.06147e-21 8.04136e-13
SLC_Andean 163 3188 6.59e-13 1.38449e-21 6.59e-13
SLC_Andean 164 3188 5.39043e-13 9.26329e-22 5.39043e-13

SLC_non_Andean 2 3188 0.0147484 0.00275226 0.00092915
SLC_non_Andean 3 3188 0.0107571 0.00216071 0.000823263
SLC_non_Andean 4 3188 0.00797981 0.00163116 0.000715302
SLC_non_Andean 5 3188 0.00601398 0.00121412 0.000617123
SLC_non_Andean 6 3188 0.00459665 0.000899799 0.000531268
SLC_non_Andean 7 3188 0.00355821 0.000667679 0.000457641
SLC_non_Andean 8 3188 0.00278657 0.000497666 0.000395103
SLC_non_Andean 9 3188 0.00220587 0.000373271 0.000342179
SLC_non_Andean 10 3188 0.00176373 0.000281961 0.000297396
SLC_non_Andean 11 3188 0.00142336 0.000214561 0.000259427
SLC_non_Andean 12 3188 0.00115862 0.000164463 0.000227131
SLC_non_Andean 13 3188 0.000950665 0.000126946 0.000199549
SLC_non_Andean 14 3188 0.000785779 9.86302e-05 0.000175892
SLC_non_Andean 15 3188 0.000653881 7.70947e-05 0.000155508
SLC_non_Andean 16 3188 0.000547488 6.05935e-05 0.000137865
SLC_non_Andean 17 3188 0.000460992 4.78598e-05 0.000122525
SLC_non_Andean 18 3188 0.000390155 3.79682e-05 0.000109132
SLC_non_Andean 19 3188 0.000331746 3.02374e-05 9.73896e-05
SLC_non_Andean 20 3188 0.00028328 2.41614e-05 8.70566e-05
SLC_non_Andean 21 3188 0.000242827 1.93621e-05 7.79322e-05
SLC_non_Andean 22 3188 0.000208882 1.55542e-05 6.98496e-05
SLC_non_Andean 23 3188 0.000180256 1.25209e-05 6.26698e-05
SLC_non_Andean 24 3188 0.000156004 1.00964e-05 5.6276e-05
SLC_non_Andean 25 3188 0.000135373 8.15265e-06 5.05697e-05
SLC_non_Andean 26 3188 0.000117754 6.59042e-06 4.54671e-05
SLC_non_Andean 27 3188 0.000102653 5.33212e-06 4.08969e-05
SLC_non_Andean 28 3188 8.96679e-05 4.31682e-06 3.67979e-05
SLC_non_Andean 29 3188 7.84689e-05 3.49639e-06 3.3117e-05
SLC_non_Andean 30 3188 6.8783e-05 2.83265e-06 2.98083e-05
SLC_non_Andean 31 3188 6.03842e-05 2.2952e-06 2.68319e-05
SLC_non_Andean 32 3188 5.3084e-05 1.8597e-06 2.41525e-05
SLC_non_Andean 33 3188 4.67247e-05 1.50664e-06 2.17393e-05
SLC_non_Andean 34 3188 4.11738e-05 1.22033e-06 1.9565e-05
SLC_non_Andean 35 3188 3.63192e-05 9.88109e-07 1.76053e-05
SLC_non_Andean 36 3188 3.20663e-05 7.99763e-07 1.58388e-05
SLC_non_Andean 37 3188 2.83345e-05 6.47015e-07 1.42462e-05
SLC_non_Andean 38 3188 2.50552e-05 5.23164e-07 1.28103e-05
SLC_non_Andean 39 3188 2.21694e-05 4.22772e-07 1.15158e-05
SLC_non_Andean 40 3188 1.96269e-05 3.41427e-07 1.03488e-05
SLC_non_Andean 41 3188 1.73843e-05 2.75547e-07 9.29691e-06
SLC_non_Andean 42 3188 1.54042e-05 2.22218e-07 8.34892e-06
SLC_non_Andean 43 3188 1.36542e-05 1.79074e-07 7.49476e-06
SLC_non_Andean 44 3188 1.21063e-05 1.44193e-07 6.72532e-06
SLC_non_Andean 45 3188 1.07361e-05 1.1601e-07 6.03239e-06
SLC_non_Andean 46 3188 9.52245e-06 9.32566e-08 5.40855e-06
SLC_non_Andean 47 3188 8.44682e-06 7.48997e-08 4.84709e-06
SLC_non_Andean 48 3188 7.49304e-06 6.01018e-08 4.34195e-06
SLC_non_Andean 49 3188 6.64694e-06 4.81826e-08 3.88764e-06
SLC_non_Andean 50 3188 5.89609e-06 3.85904e-08 3.47921e-06
SLC_non_Andean 51 3188 5.22958e-06 3.08776e-08 3.11216e-06
SLC_non_Andean 52 3188 4.6378e-06 2.46816e-08 2.78245e-06
SLC_non_Andean 53 3188 4.11228e-06 1.97088e-08 2.4864e-06
SLC_non_Andean 54 3188 3.64555e-06 1.57216e-08 2.2207e-06
SLC_non_Andean 55 3188 3.231e-06 1.25277e-08 1.98233e-06
SLC_non_Andean 56 3188 2.8628e-06 9.97179e-09 1.76859e-06
SLC_non_Andean 57 3188 2.53578e-06 7.92861e-09 1.57703e-06
SLC_non_Andean 58 3188 2.24535e-06 6.29699e-09 1.40542e-06
SLC_non_Andean 59 3188 1.98746e-06 4.99541e-09 1.25178e-06
SLC_non_Andean 60 3188 1.75849e-06 3.95826e-09 1.11428e-06
SLC_non_Andean 61 3188 1.55526e-06 3.13272e-09 9.91292e-07
SLC_non_Andean 62 3188 1.37489e-06 2.47636e-09 8.81349e-07
SLC_non_Andean 63 3188 1.21488e-06 1.95512e-09 7.83119e-07
SLC_non_Andean 64 3188 1.07296e-06 1.54167e-09 6.95403e-07
SLC_non_Andean 65 3188 9.47133e-07 1.2141e-09 6.17119e-07
SLC_non_Andean 66 3188 8.35614e-07 9.54901e-10 5.47293e-07
SLC_non_Andean 67 3188 7.36817e-07 7.5005e-10 4.85049e-07
SLC_non_Andean 68 3188 6.49326e-07 5.88356e-10 4.29597e-07
SLC_non_Andean 69 3188 5.71884e-07 4.60892e-10 3.80225e-07
SLC_non_Andean 70 3188 5.03368e-07 3.60542e-10 3.36294e-07
SLC_non_Andean 71 3188 4.42781e-07 2.81645e-10 2.97229e-07
SLC_non_Andean 72 3188 3.89233e-07 2.19697e-10 2.62514e-07
SLC_non_Andean 73 3188 3.41931e-07 1.71125e-10 2.31685e-07
SLC_non_Andean 74 3188 3.00172e-07 1.33094e-10 2.04324e-07
SLC_non_Andean 75 3188 2.63327e-07 1.03359e-10 1.80059e-07
SLC_non_Andean 76 3188 2.30838e-07 8.01436e-11 1.58553e-07
SLC_non_Andean 77 3188 2.02207e-07 6.20457e-11 1.39507e-07
SLC_non_Andean 78 3188 1.76994e-07 4.79583e-11 1.22651e-07
SLC_non_Andean 79 3188 1.54805e-07 3.70094e-11 1.07745e-07
SLC_non_Andean 80 3188 1.3529e-07 2.85132e-11 9.45722e-08
SLC_non_Andean 81 3188 1.1814e-07 2.19305e-11 8.29403e-08
SLC_non_Andean 82 3188 1.03079e-07 1.68388e-11 7.2677e-08
SLC_non_Andean 83 3188 8.98619e-08 1.29068e-11 6.36283e-08
SLC_non_Andean 84 3188 7.82722e-08 9.87545e-12 5.56569e-08
SLC_non_Andean 85 3188 6.81173e-08 7.54244e-12 4.86404e-08
SLC_non_Andean 86 3188 5.92267e-08 5.75002e-12 4.24693e-08
SLC_non_Andean 87 3188 5.14494e-08 4.37536e-12 3.70465e-08
SLC_non_Andean 88 3188 4.46516e-08 3.323e-12 3.22854e-08
SLC_non_Andean 89 3188 3.8715e-08 2.51886e-12 2.81088e-08
SLC_non_Andean 90 3188 3.35351e-08 1.90554e-12 2.44484e-08
SLC_non_Andean 91 3188 2.90194e-08 1.43865e-12 2.12431e-08
SLC_non_Andean 92 3188 2.50863e-08 1.08393e-12 1.84392e-08
SLC_non_Andean 93 3188 2.16638e-08 8.14958e-13 1.59885e-08
SLC_non_Andean 94 3188 1.86886e-08 6.11422e-13 1.38488e-08
SLC_non_Andean 95 3188 1.61046e-08 4.57721e-13 1.19823e-08
SLC_non_Andean 96 3188 1.38626e-08 3.41896e-13 1.03559e-08
SLC_non_Andean 97 3188 1.19193e-08 2.54802e-13 8.94009e-09
SLC_non_Andean 98 3188 1.02367e-08 1.89454e-13 7.70891e-09
SLC_non_Andean 99 3188 8.78135e-09 1.40534e-13 6.63944e-09
SLC_non_Andean 100 3188 7.52389e-09 1.03994e-13 5.71144e-09
SLC_non_Andean 101 3188 6.43862e-09 7.67658e-14 4.9071e-09
SLC_non_Andean 102 3188 5.50302e-09 5.65241e-14 4.21073e-09
SLC_non_Andean 103 3188 4.69737e-09 4.15129e-14 3.60855e-09
SLC_non_Andean 104 3188 4.00444e-09 3.04082e-14 3.08842e-09
SLC_non_Andean 105 3188 3.40917e-09 2.22143e-14 2.63972e-09
SLC_non_Andean 106 3188 2.89844e-09 1.61839e-14 2.25311e-09
SLC_non_Andean 107 3188 2.46078e-09 1.17575e-14 1.92043e-09
SLC_non_Andean 108 3188 2.08622e-09 8.51721e-15 1.63452e-09
SLC_non_Andean 109 3188 1.76609e-09 6.15184e-15 1.38913e-09
SLC_non_Andean 110 3188 1.49285e-09 4.43002e-15 1.17881e-09
SLC_non_Andean 111 3188 1.25995e-09 3.18031e-15 9.98793e-10
SLC_non_Andean 112 3188 1.06171e-09 2.27595e-15 8.44933e-10
SLC_non_Andean 113 3188 8.93227e-10 1.6235e-15 7.1362e-10
SLC_non_Andean 114 3188 7.50239e-10 1.15426e-15 6.01718e-10
SLC_non_Andean 115 3188 6.29074e-10 8.17862e-16 5.06502e-10
SLC_non_Andean 116 3188 5.26563e-10 5.77489e-16 4.25611e-10
SLC_non_Andean 117 3188 4.39971e-10 4.06307e-16 3.57e-10
SLC_non_Andean 118 3188 3.66946e-10 2.84821e-16 2.98901e-10
SLC_non_Andean 119 3188 3.05467e-10 1.98908e-16 2.49786e-10
SLC_non_Andean 120 3188 2.53798e-10 1.38374e-16 2.08338e-10
SLC_non_Andean 121 3188 2.10449e-10 9.58795e-17 1.73422e-10
SLC_non_Andean 122 3188 1.74149e-10 6.61639e-17 1.44063e-10
SLC_non_Andean 123 3188 1.43808e-10 4.54663e-17 1.19422e-10
SLC_non_Andean 124 3188 1.18496e-10 3.11083e-17 9.87823e-11
SLC_non_Andean 125 3188 9.74217e-11 2.11898e-17 8.15274e-11
SLC_non_Andean 126 3188 7.99119e-11 1.43674e-17 6.71322e-11
SLC_non_Andean 127 3188 6.53942e-11 9.69563e-18 5.51479e-11
SLC_non_Andean 128 3188 5.33834e-11 6.51103e-18 4.51924e-11
SLC_non_Andean 129 3188 4.34689e-11 4.35044e-18 3.69409e-11
SLC_non_Andean 130 3188 3.53037e-11 2.89172e-18 3.01175e-11
SLC_non_Andean 131 3188 2.85953e-11 1.91179e-18 2.44884e-11
SLC_non_Andean 132 3188 2.30972e-11 1.25692e-18 1.98561e-11
SLC_non_Andean 133 3188 1.86026e-11 8.21627e-19 1.60538e-11
SLC_non_Andean 134 3188 1.49381e-11 5.3389e-19 1.2941e-11
SLC_non_Andean 135 3188 1.19584e-11 3.44783e-19 1.03995e-11
SLC_non_Andean 136 3188 9.54251e-12 2.21237e-19 8.33047e-12
SLC_non_Andean 137 3188 7.58939e-12 1.4102e-19 6.65091e-12
SLC_non_Andean 138 3188 6.01522e-12 8.92696e-20 5.29167e-12
SLC_non_Andean 139 3188 4.75048e-12 5.61058e-20 4.19512e-12
SLC_non_Andean 140 3188 3.73767e-12 3.49999e-20 3.3134e-12
SLC_non_Andean 141 3188 2.92937e-12 2.16643e-20 2.60683e-12
SLC_non_Andean 142 3188 2.28658e-12 1.33014e-20 2.04263e-12
SLC_non_Andean 143 3188 1.7773e-12 8.09786e-21 1.59377e-12
SLC_non_Andean 144 3188 1.37535e-12 4.88651e-21 1.23806e-12
SLC_non_Andean 145 3188 1.0594e-12 2.9215e-21 9.57291e-13
SLC_non_Andean 146 3188 8.1208e-13 1.72982e-21 7.36616e-13
SLC_non_Andean 147 3188 6.19345e-13 1.01386e-21 5.63935e-13
SLC_non_Andean 148 3188 4.69839e-13 5.87913e-22 4.29435e-13
SLC_non_Andean 149 3188 3.5443e-13 3.37108e-22 3.25181e-13
SLC_non_Andean 150 3188 2.65794e-13 1.91023e-22 2.44785e-13
SLC_non_Andean 151 3188 1.98087e-13 1.06901e-22 1.83118e-13
SLC_non_Andean 152 3188 1.46658e-13 5.90398e-23 1.36086e-13
SLC_non_Andean 153 3188 1.07827e-13 3.21545e-23 1.0043e-13
SLC_non_Andean 154 3188 7.86943e-14 1.72546e-23 7.35687e-14
SLC_non_Andean 155 3188 5.69831e-14 9.11436e-24 5.34692e-14
SLC_non_Andean 156 3188 4.09182e-14 4.73436e-24 3.85364e-14
SLC_non_Andean 157 3188 2.91211e-14 2.41555e-24 2.75264e-14
SLC_non_Andean 158 3188 2.05281e-14 1.20905e-24 1.94743e-14
SLC_non_Andean 159 3188 1.43231e-14 5.92831e-25 1.36366e-14
SLC_non_Andean 160 3188 9.88388e-15 2.84311e-25 9.44361e-15
SLC_non_Andean 161 3188 6.73973e-15 1.33126e-25 6.46209e-15
SLC_non_Andean 162 3188 4.53679e-15 6.07396e-26 4.36493e-15
SLC_non_Andean 163 3188 3.0113e-15 2.69419e-26 2.90707e-15
SLC_non_Andean 164 3188 1.96832e-15 1.15878e-26 1.90652e-15

SLL_vintage 2 3188 0.00669944 0.000504144 0.000397666
SLL_vintage 3 3188 0.00429306 0.000343276 0.000328142
SLL_vintage 4 3188 0.00290045 0.00022477 0.000265528
SLL_vintage 5 3188 0.00202033 0.000142452 0.000211386
SLL_vintage 6 3188 0.00143213 8.81804e-05 0.000166313
SLL_vintage 7 3188 0.00102572 5.36093e-05 0.000129676
SLL_vintage 8 3188 0.000739319 3.21116e-05 0.000100363
SLL_vintage 9 3188 0.000535042 1.89913e-05 7.71824e-05
SLL_vintage 10 3188 0.000388213 1.11076e-05 5.90271e-05
SLL_vintage 11 3188 0.000282145 6.43335e-06 4.4922e-05
SLL_vintage 12 3188 0.000205264 3.694e-06 3.404e-05
SLL_vintage 13 3188 0.000149415 2.10486e-06 2.56952e-05
SLL_vintage 14 3188 0.000108785 1.19117e-06 1.93298e-05
SLL_vintage 15 3188 7.92015e-05 6.69966e-07 1.44966e-05
SLL_vintage 16 3188 5.76506e-05 3.74725e-07 1.08417e-05
SLL_vintage 17 3188 4.19486e-05 2.08529e-07 8.08767e-06
SLL_vintage 18 3188 3.05088e-05 1.15501e-07 6.01914e-06
SLL_vintage 19 3188 2.21761e-05 6.36973e-08 4.46994e-06
SLL_vintage 20 3188 1.61089e-05 3.49855e-08 3.31272e-06
SLL_vintage 21 3188 1.16934e-05 1.91419e-08 2.45038e-06
SLL_vintage 22 3188 8.48173e-06 1.0435e-08 1.8092e-06
SLL_vintage 23 3188 6.14717e-06 5.6686e-09 1.33346e-06
SLL_vintage 24 3188 4.45138e-06 3.06893e-09 9.81147e-07
SLL_vintage 25 3188 3.2205e-06 1.65602e-09 7.20732e-07
SLL_vintage 26 3188 2.3278e-06 8.90733e-10 5.28585e-07
SLL_vintage 27 3188 1.68091e-06 4.77591e-10 3.87052e-07
SLL_vintage 28 3188 1.21256e-06 2.55277e-10 2.82974e-07
SLL_vintage 29 3188 8.73794e-07 1.36027e-10 2.06563e-07
SLL_vintage 30 3188 6.28989e-07 7.2261e-11 1.50554e-07
SLL_vintage 31 3188 4.52262e-07 3.82697e-11 1.09564e-07
SLL_vintage 32 3188 3.24815e-07 2.02058e-11 7.96121e-08
SLL_vintage 33 3188 2.33005e-07 1.06357e-11 5.77596e-08
SLL_vintage 34 3188 1.6694e-07 5.58109e-12 4.18408e-08
SLL_vintage 35 3188 1.19457e-07 2.91961e-12 3.02624e-08
SLL_vintage 36 3188 8.53681e-08 1.52256e-12 2.18538e-08
SLL_vintage 37 3188 6.09261e-08 7.91504e-13 1.57568e-08
SLL_vintage 38 3188 4.34228e-08 4.10155e-13 1.13427e-08
SLL_vintage 39 3188 3.09046e-08 2.11857e-13 8.15197e-09
SLL_vintage 40 3188 2.19637e-08 1.09074e-13 5.84926e-09
SLL_vintage 41 3188 1.55865e-08 5.59705e-14 4.19006e-09
SLL_vintage 42 3188 1.10443e-08 2.86247e-14 2.99648e-09
SLL_vintage 43 3188 7.81375e-09 1.45896e-14 2.13926e-09
SLL_vintage 44 3188 5.51946e-09 7.41047e-15 1.52463e-09
SLL_vintage 45 3188 3.89255e-09 3.75078e-15 1.08468e-09
SLL_vintage 46 3188 2.74069e-09 1.89168e-15 7.70309e-10
SLL_vintage 47 3188 1.92644e-09 9.50605e-16 5.46061e-10
SLL_vintage 48 3188 1.35178e-09 4.75938e-16 3.86381e-10
SLL_vintage 49 3188 9.46892e-10 2.37396e-16 2.72883e-10
SLL_vintage 50 3188 6.62094e-10 1.17961e-16 1.92358e-10
SLL_vintage 51 3188 4.62116e-10 5.83877e-17 1.35332e-10
SLL_vintage 52 3188 3.21942e-10 2.87866e-17 9.50246e-11
SLL_vintage 53 3188 2.23865e-10 1.41357e-17 6.65884e-11
SLL_vintage 54 3188 1.55367e-10 6.91303e-18 4.65666e-11
SLL_vintage 55 3188 1.07617e-10 3.36679e-18 3.24974e-11
SLL_vintage 56 3188 7.43944e-11 1.63278e-18 2.26311e-11
SLL_vintage 57 3188 5.13236e-11 7.88444e-19 1.57263e-11
SLL_vintage 58 3188 3.53343e-11 3.79065e-19 1.09043e-11
SLL_vintage 59 3188 2.42753e-11 1.81435e-19 7.54399e-12
SLL_vintage 60 3188 1.66419e-11 8.64489e-20 5.2074e-12
SLL_vintage 61 3188 1.1384e-11 4.1001e-20 3.58623e-12
SLL_vintage 62 3188 7.77008e-12 1.93549e-20 2.46398e-12
SLL_vintage 63 3188 5.29148e-12 9.09315e-21 1.68888e-12
SLL_vintage 64 3188 3.59529e-12 4.25134e-21 1.15479e-12
SLL_vintage 65 3188 2.43712e-12 1.97783e-21 7.87654e-13
SLL_vintage 66 3188 1.64812e-12 9.15519e-22 5.35889e-13
SLL_vintage 67 3188 1.11187e-12 4.2162e-22 3.63665e-13
SLL_vintage 68 3188 7.48259e-13 1.93158e-22 2.46149e-13
SLL_vintage 69 3188 5.02302e-13 8.80241e-23 1.66166e-13
SLL_vintage 70 3188 3.36338e-13 3.98977e-23 1.1187e-13
SLL_vintage 71 3188 2.24628e-13 1.7985e-23 7.51097e-14
SLL_vintage 72 3188 1.49627e-13 8.0621e-24 5.02881e-14
SLL_vintage 73 3188 9.94022e-14 3.59351e-24 3.35738e-14
SLL_vintage 74 3188 6.58568e-14 1.5925e-24 2.23501e-14
SLL_vintage 75 3188 4.35116e-14 7.01594e-25 1.48349e-14
SLL_vintage 76 3188 2.86673e-14 3.07252e-25 9.81721e-15
SLL_vintage 77 3188 1.88333e-14 1.3374e-25 6.47696e-15
SLL_vintage 78 3188 1.23368e-14 5.78548e-26 4.26001e-15
SLL_vintage 79 3188 8.05732e-15 2.48705e-26 2.79308e-15
SLL_vintage 80 3188 5.24653e-15 1.0623e-26 1.82543e-15
SLL_vintage 81 3188 3.40584e-15 4.50799e-27 1.18914e-15
SLL_vintage 82 3188 2.20405e-15 1.90039e-27 7.7208e-16
SLL_vintage 83 3188 1.42182e-15 7.95752e-28 4.99608e-16
SLL_vintage 84 3188 9.14255e-16 3.30933e-28 3.22189e-16
SLL_vintage 85 3188 5.85957e-16 1.36672e-28 2.07053e-16
SLL_vintage 86 3188 3.74297e-16 5.60465e-29 1.32591e-16
SLL_vintage 87 3188 2.38284e-16 2.2819e-29 8.46036e-17
SLL_vintage 88 3188 1.51173e-16 9.22298e-30 5.37869e-17
SLL_vintage 89 3188 9.55722e-17 3.70021e-30 3.40686e-17
SLL_vintage 90 3188 6.02059e-17 1.47336e-30 2.14979e-17
SLL_vintage 91 3188 3.77895e-17 5.822e-31 1.35138e-17
SLL_vintage 92 3188 2.36321e-17 2.28279e-31 8.46201e-18
SLL_vintage 93 3188 1.47233e-17 8.88057e-32 5.2779e-18
SLL_vintage 94 3188 9.13801e-18 3.4273e-32 3.27881e-18
SLL_vintage 95 3188 5.64958e-18 1.31205e-32 2.02869e-18
SLL_vintage 96 3188 3.47913e-18 4.98191e-33 1.25008e-18
SLL_vintage 97 3188 2.13396e-18 1.87604e-33 7.67118e-19
SLL_vintage 98 3188 1.30358e-18 7.00571e-34 4.68778e-19
SLL_vintage 99 3188 7.93039e-19 2.5941e-34 2.85256e-19
SLL_vintage 100 3188 4.8043e-19 9.52385e-35 1.72841e-19
SLL_vintage 101 3188 2.89812e-19 3.46658e-35 1.04278e-19
SLL_vintage 102 3188 1.7407e-19 1.25091e-35 6.26403e-20
SLL_vintage 103 3188 1.04094e-19 4.47474e-36 3.74649e-20
SLL_vintage 104 3188 6.19723e-20 1.58677e-36 2.23099e-20
SLL_vintage 105 3188 3.67289e-20 5.5777e-37 1.32272e-20
SLL_vintage 106 3188 2.16686e-20 1.94354e-37 7.80795e-21
SLL_vintage 107 3188 1.27245e-20 6.71326e-38 4.58889e-21
SLL_vintage 108 3188 7.43723e-21 2.29876e-38 2.68527e-21
SLL_vintage 109 3188 4.3263e-21 7.80369e-39 1.56456e-21
SLL_vintage 110 3188 2.50457e-21 2.62654e-39 9.07681e-22
SLL_vintage 111 3188 1.4429e-21 8.76578e-40 5.24368e-22
SLL_vintage 112 3188 8.27191e-22 2.90114e-40 3.01665e-22
SLL_vintage 113 3188 4.71865e-22 9.52309e-41 1.72834e-22
SLL_vintage 114 3188 2.67826e-22 3.10086e-41 9.86239e-23
SLL_vintage 115 3188 1.51249e-22 1.00173e-41 5.60553e-23
SLL_vintage 116 3188 8.49799e-23 3.21111e-42 3.17372e-23
SLL_vintage 117 3188 4.75019e-23 1.02155e-42 1.79008e-23
SLL_vintage 118 3188 2.64155e-23 3.22577e-43 1.00591e-23
SLL_vintage 119 3188 1.46133e-23 1.01118e-43 5.6319e-24
SLL_vintage 120 3188 8.04205e-24 3.14693e-44 3.14184e-24
SLL_vintage 121 3188 4.40252e-24 9.72376e-45 1.74646e-24
SLL_vintage 122 3188 2.39741e-24 2.98315e-45 9.67338e-25
SLL_vintage 123 3188 1.29861e-24 9.08635e-46 5.3387e-25
SLL_vintage 124 3188 6.99685e-25 2.74748e-46 2.93567e-25
SLL_vintage 125 3188 3.74976e-25 8.24586e-47 1.60827e-25
SLL_vintage 126 3188 1.9988e-25 2.45582e-47 8.77686e-26
SLL_vintage 127 3188 1.05972e-25 7.25589e-48 4.77075e-26
SLL_vintage 128 3188 5.58796e-26 2.12602e-48 2.5824e-26
SLL_vintage 129 3188 2.93048e-26 6.17517e-49 1.39176e-26
SLL_vintage 130 3188 1.52837e-26 1.77723e-49 7.46642e-27
SLL_vintage 131 3188 7.92674e-27 5.06566e-50 3.9862e-27
SLL_vintage 132 3188 4.08798e-27 1.42921e-50 2.11733e-27
SLL_vintage 133 3188 2.0962e-27 3.98915e-51 1.11862e-27
SLL_vintage 134 3188 1.06861e-27 1.10086e-51 5.87633e-28
SLL_vintage 135 3188 5.41525e-28 3.00176e-52 3.06852e-28
SLL_vintage 136 3188 2.7275e-28 8.08232e-53 1.59224e-28
SLL_vintage 137 3188 1.36516e-28 2.14742e-53 8.20728e-29
SLL_vintage 138 3188 6.78876e-29 5.62617e-54 4.20095e-29
SLL_vintage 139 3188 3.35343e-29 1.45246e-54 2.13448e-29
SLL_vintage 140 3188 1.64501e-29 3.69194e-55 1.07614e-29
SLL_vintage 141 3188 8.01138e-30 9.23241e-56 5.38144e-30
SLL_vintage 142 3188 3.87229e-30 2.26942e-56 2.66808e-30
SLL_vintage 143 3188 1.85694e-30 5.47859e-57 1.31092e-30
SLL_vintage 144 3188 8.83147e-31 1.29767e-57 6.38002e-31
SLL_vintage 145 3188 4.16378e-31 3.01276e-58 3.07414e-31
SLL_vintage 146 3188 1.9452e-31 6.84877e-59 1.46571e-31
SLL_vintage 147 3188 8.99999e-32 1.52271e-59 6.91114e-32
SLL_vintage 148 3188 4.12177e-32 3.30716e-60 3.22084e-32
SLL_vintage 149 3188 1.86736e-32 7.00758e-61 1.4826e-32
SLL_vintage 150 3188 8.36356e-33 1.44662e-61 6.73624e-33
SLL_vintage 151 3188 3.70051e-33 2.90513e-62 3.01873e-33
SLL_vintage 152 3188 1.61621e-33 5.66635e-63 1.33319e-33
SLL_vintage 153 3188 6.96185e-34 1.07153e-63 5.79754e-34
SLL_vintage 154 3188 2.95483e-34 1.96083e-64 2.48005e-34
SLL_vintage 155 3188 1.23443e-34 3.46495e-65 1.04253e-34
SLL_vintage 156 3188 5.07023e-35 5.89891e-66 4.30157e-35
SLL_vintage 157 3188 2.04485e-35 9.65053e-67 1.73987e-35
SLL_vintage 158 3188 8.08643e-36 1.51286e-67 6.88874e-36
SLL_vintage 159 3188 3.13062e-36 2.26531e-68 2.66566e-36
SLL_vintage 160 3188 1.18448e-36 3.22837e-69 1.00631e-36
SLL_vintage 161 3188 4.37122e-37 4.36128e-70 3.69869e-37
SLL_vintage 162 3188 1.57005e-37 5.5594e-71 1.32055e-37
SLL_vintage 163 3188 5.47521e-38 6.65224e-72 4.56799e-38
SLL_vintage 164 3188 1.84877e-38 7.42784e-73 1.52641e-38

SLL_fresh 2 3188 0.0118631 0.00109453 0.000585941
SLL_fresh 3 3188 0.00808615 0.000684606 0.000463406
SLL_fresh 4 3188 0.0057938 0.000439048 0.000371105
SLL_fresh 5 3188 0.00426012 0.000284006 0.000298473
SLL_fresh 6 3188 0.00317385 0.000183047 0.00023962
SLL_fresh 7 3188 0.00237884 0.000117022 0.000191591
SLL_fresh 8 3188 0.00178657 7.42355e-05 0.000152597
SLL_fresh 9 3188 0.00134152 4.68569e-05 0.000121235
SLL_fresh 10 3188 0.00100602 2.95333e-05 9.62491e-05
SLL_fresh 11 3188 0.000753065 1.86562e-05 7.64984e-05
SLL_fresh 12 3188 0.000562643 1.1851e-05 6.09704e-05
SLL_fresh 13 3188 0.000419626 7.59081e-06 4.87961e-05
SLL_fresh 14 3188 0.000312494 4.91195e-06 3.92526e-05
SLL_fresh 15 3188 0.000232452 3.21454e-06 3.17541e-05
SLL_fresh 16 3188 0.000172794 2.12805e-06 2.58364e-05
SLL_fresh 17 3188 0.000128421 1.42444e-06 2.11379e-05
SLL_fresh 18 3188 9.54738e-05 9.63092e-07 1.7381e-05
SLL_fresh 19 3188 7.10413e-05 6.56879e-07 1.43544e-05
SLL_fresh 20 3188 5.29375e-05 4.51303e-07 1.1898e-05
SLL_fresh 21 3188 3.95271e-05 3.11881e-07 9.8909e-06
SLL_fresh 22 3188 2.9591e-05 2.16508e-07 8.24096e-06
SLL_fresh 23 3188 2.22234e-05 1.50804e-07 6.87777e-06
SLL_fresh 24 3188 1.67528e-05 1.05288e-07 5.74685e-06
SLL_fresh 25 3188 1.26829e-05 7.36236e-08 4.80562e-06
SLL_fresh 26 3188 9.64732e-06 5.15282e-08 4.02035e-06
SLL_fresh 27 3188 7.37603e-06 3.60776e-08 3.36403e-06
SLL_fresh 28 3188 5.67026e-06 2.52593e-08 2.81483e-06
SLL_fresh 29 3188 4.38371e-06 1.7679e-08 2.35489e-06
SLL_fresh 30 3188 3.40869e-06 1.23665e-08 1.96954e-06
SLL_fresh 31 3188 2.66589e-06 8.64377e-09 1.64662e-06
SLL_fresh 32 3188 2.09684e-06 6.03629e-09 1.37602e-06
SLL_fresh 33 3188 1.65833e-06 4.21113e-09 1.14932e-06
SLL_fresh 34 3188 1.31838e-06 2.93463e-09 9.5944e-07
SLL_fresh 35 3188 1.05324e-06 2.04271e-09 8.00469e-07
SLL_fresh 36 3188 8.45213e-07 1.42016e-09 6.67436e-07
SLL_fresh 37 3188 6.8104e-07 9.86113e-10 5.56166e-07
SLL_fresh 38 3188 5.50757e-07 6.83851e-10 4.6315e-07
SLL_fresh 39 3188 4.46827e-07 4.7362e-10 3.85439e-07
SLL_fresh 40 3188 3.63521e-07 3.27584e-10 3.20555e-07
SLL_fresh 41 3188 2.96453e-07 2.26272e-10 2.66414e-07
SLL_fresh 42 3188 2.42245e-07 1.56081e-10 2.21266e-07
SLL_fresh 43 3188 1.98278e-07 1.07515e-10 1.83643e-07
SLL_fresh 44 3188 1.62511e-07 7.39579e-11 1.52312e-07
SLL_fresh 45 3188 1.33337e-07 5.08031e-11 1.26237e-07
SLL_fresh 46 3188 1.0949e-07 3.48482e-11 1.04552e-07
SLL_fresh 47 3188 8.99611e-08 2.38699e-11 8.65299e-08
SLL_fresh 48 3188 7.39448e-08 1.63266e-11 7.1563e-08
SLL_fresh 49 3188 6.07937e-08 1.11509e-11 5.91418e-08
SLL_fresh 50 3188 4.99854e-08 7.60475e-12 4.88409e-08
SLL_fresh 51 3188 4.10966e-08 5.1787e-12 4.03043e-08
SLL_fresh 52 3188 3.3783e-08 3.52136e-12 3.3235e-08
SLL_fresh 53 3188 2.77639e-08 2.39083e-12 2.73851e-08
SLL_fresh 54 3188 2.28094e-08 1.6208e-12 2.25479e-08
SLL_fresh 55 3188 1.87313e-08 1.09711e-12 1.85509e-08
SLL_fresh 56 3188 1.53751e-08 7.41482e-13 1.52507e-08
SLL_fresh 57 3188 1.26136e-08 5.00357e-13 1.2528e-08
SLL_fresh 58 3188 1.03422e-08 3.37118e-13 1.02833e-08
SLL_fresh 59 3188 8.47469e-09 2.26778e-13 8.43414e-09
SLL_fresh 60 3188 6.9399e-09 1.5231e-13 6.91203e-09
SLL_fresh 61 3188 5.67922e-09 1.02133e-13 5.66009e-09
SLL_fresh 62 3188 4.6443e-09 6.83754e-14 4.63117e-09
SLL_fresh 63 3188 3.79522e-09 4.57013e-14 3.78621e-09
SLL_fresh 64 3188 3.09906e-09 3.04963e-14 3.09289e-09
SLL_fresh 65 3188 2.52866e-09 2.03164e-14 2.52444e-09
SLL_fresh 66 3188 2.06164e-09 1.35121e-14 2.05875e-09
SLL_fresh 67 3188 1.67953e-09 8.97164e-15 1.67755e-09
SLL_fresh 68 3188 1.36714e-09 5.94681e-15 1.36579e-09
SLL_fresh 69 3188 1.11193e-09 3.9351e-15 1.11101e-09
SLL_fresh 70 3188 9.03613e-10 2.59943e-15 9.02984e-10
SLL_fresh 71 3188 7.337e-10 1.71415e-15 7.33272e-10
SLL_fresh 72 3188 5.95227e-10 1.12838e-15 5.94935e-10
SLL_fresh 73 3188 4.82469e-10 7.4148e-16 4.8227e-10
SLL_fresh 74 3188 3.90729e-10 4.86372e-16 3.90593e-10
SLL_fresh 75 3188 3.16152e-10 3.18462e-16 3.1606e-10
SLL_fresh 76 3188 2.5558e-10 2.08142e-16 2.55517e-10
SLL_fresh 77 3188 2.06426e-10 1.3579e-16 2.06383e-10
SLL_fresh 78 3188 1.66573e-10 8.84253e-17 1.66544e-10
SLL_fresh 79 3188 1.3429e-10 5.74748e-17 1.3427e-10
SLL_fresh 80 3188 1.08162e-10 3.72876e-17 1.08149e-10
SLL_fresh 81 3188 8.70362e-11 2.41451e-17 8.70273e-11
SLL_fresh 82 3188 6.99699e-11 1.56051e-17 6.99639e-11
SLL_fresh 83 3188 5.6196e-11 1.00662e-17 5.61919e-11
SLL_fresh 84 3188 4.50898e-11 6.48071e-18 4.50871e-11
SLL_fresh 85 3188 3.61432e-11 4.16417e-18 3.61414e-11
SLL_fresh 86 3188 2.89432e-11 2.67039e-18 2.8942e-11
SLL_fresh 87 3188 2.31544e-11 1.70905e-18 2.31536e-11
SLL_fresh 88 3188 1.85048e-11 1.09159e-18 1.85042e-11
SLL_fresh 89 3188 1.47738e-11 6.95798e-19 1.47735e-11
SLL_fresh 90 3188 1.17831e-11 4.42605e-19 1.17828e-11
SLL_fresh 91 3188 9.38801e-12 2.80963e-19 9.38784e-12
SLL_fresh 92 3188 7.47198e-12 1.77982e-19 7.47187e-12
SLL_fresh 93 3188 5.94074e-12 1.12509e-19 5.94066e-12
SLL_fresh 94 3188 4.71827e-12 7.09701e-20 4.71822e-12
SLL_fresh 95 3188 3.74334e-12 4.46714e-20 3.74331e-12
SLL_fresh 96 3188 2.96665e-12 2.80571e-20 2.96662e-12
SLL_fresh 97 3188 2.34853e-12 1.75835e-20 2.34852e-12
SLL_fresh 98 3188 1.85715e-12 1.09954e-20 1.85714e-12
SLL_fresh 99 3188 1.46695e-12 6.86032e-21 1.46694e-12
SLL_fresh 100 3188 1.15743e-12 4.27072e-21 1.15742e-12
SLL_fresh 101 3188 9.12173e-13 2.65259e-21 9.12171e-13
SLL_fresh 102 3188 7.18064e-13 1.64378e-21 7.18063e-13
SLL_fresh 103 3188 5.64607e-13 1.01627e-21 5.64606e-13
SLL_fresh 104 3188 4.43426e-13 6.26842e-22 4.43425e-13
SLL_fresh 105 3188 3.47842e-13 3.85728e-22 3.47841e-13
SLL_fresh 106 3188 2.72537e-13 2.36792e-22 2.72536e-13
SLL_fresh 107 3188 2.13277e-13 1.45013e-22 2.13277e-13
SLL_fresh 108 3188 1.667e-13 8.85906e-23 1.667e-13
SLL_fresh 109 3188 1.30134e-13 5.39884e-23 1.30134e-13
SLL_fresh 110 3188 1.01463e-13 3.28197e-23 1.01463e-13
SLL_fresh 111 3188 7.90098e-14 1.99012e-23 7.90097e-14
SLL_fresh 112 3188 6.14473e-14 1.20371e-23 6.14472e-14
SLL_fresh 113 3188 4.77274e-14 7.26197e-24 4.77274e-14
SLL_fresh 114 3188 3.7023e-14 4.3698e-24 3.7023e-14
SLL_fresh 115 3188 2.86819e-14 2.62261e-24 2.86819e-14
SLL_fresh 116 3188 2.21906e-14 1.56985e-24 2.21906e-14
SLL_fresh 117 3188 1.71456e-14 9.3718e-25 1.71456e-14
SLL_fresh 118 3188 1.32297e-14 5.57977e-25 1.32297e-14
SLL_fresh 119 3188 1.01942e-14 3.31304e-25 1.01942e-14
SLL_fresh 120 3188 7.84441e-15 1.96173e-25 7.84441e-15
SLL_fresh 121 3188 6.02785e-15 1.15836e-25 6.02785e-15
SLL_fresh 122 3188 4.62544e-15 6.82062e-26 4.62544e-15
SLL_fresh 123 3188 3.54426e-15 4.00469e-26 3.54426e-15
SLL_fresh 124 3188 2.7119e-15 2.34458e-26 2.7119e-15
SLL_fresh 125 3188 2.072e-15 1.36867e-26 2.072e-15
SLL_fresh 126 3188 1.58077e-15 7.96627e-27 1.58077e-15
SLL_fresh 127 3188 1.20421e-15 4.62297e-27 1.20421e-15
SLL_fresh 128 3188 9.1597e-16 2.67474e-27 9.1597e-16
SLL_fresh 129 3188 6.95667e-16 1.54284e-27 6.95667e-16
SLL_fresh 130 3188 5.27539e-16 8.87211e-28 5.27539e-16
SLL_fresh 131 3188 3.99422e-16 5.08607e-28 3.99422e-16
SLL_fresh 132 3188 3.01945e-16 2.90652e-28 3.01945e-16
SLL_fresh 133 3188 2.27894e-16 1.6557e-28 2.27894e-16
SLL_fresh 134 3188 1.71727e-16 9.40145e-29 1.71727e-16
SLL_fresh 135 3188 1.29193e-16 5.32101e-29 1.29193e-16
SLL_fresh 136 3188 9.70337e-17 3.00167e-29 9.70337e-17
SLL_fresh 137 3188 7.27586e-17 1.68767e-29 7.27586e-17
SLL_fresh 138 3188 5.44646e-17 9.45684e-30 5.44646e-17
SLL_fresh 139 3188 4.07008e-17 5.28111e-30 4.07008e-17
SLL_fresh 140 3188 3.03629e-17 2.93904e-30 3.03629e-17
SLL_fresh 141 3188 2.26113e-17 1.62993e-30 2.26113e-17
SLL_fresh 142 3188 1.68089e-17 9.00733e-31 1.68089e-17
SLL_fresh 143 3188 1.24732e-17 4.95987e-31 1.24732e-17
SLL_fresh 144 3188 9.23904e-18 2.72127e-31 9.23904e-18
SLL_fresh 145 3188 6.83096e-18 1.48758e-31 6.83096e-18
SLL_fresh 146 3188 5.04116e-18 8.10174e-32 5.04116e-18
SLL_fresh 147 3188 3.71332e-18 4.39586e-32 3.71332e-18
SLL_fresh 148 3188 2.73004e-18 2.37605e-32 2.73004e-18
SLL_fresh 149 3188 2.00326e-18 1.27936e-32 2.00326e-18
SLL_fresh 150 3188 1.4671e-18 6.8618e-33 1.4671e-18
SLL_fresh 151 3188 1.07232e-18 3.66576e-33 1.07232e-18
SLL_fresh 152 3188 7.82198e-19 1.95053e-33 7.82198e-19
SLL_fresh 153 3188 5.69417e-19 1.03366e-33 5.69417e-19
SLL_fresh 154 3188 4.13667e-19 5.45532e-34 4.13667e-19
SLL_fresh 155 3188 2.99894e-19 2.86717e-34 2.99894e-19
SLL_fresh 156 3188 2.16954e-19 1.50056e-34 2.16954e-19
SLL_fresh 157 3188 1.56618e-19 7.81986e-35 1.56618e-19
SLL_fresh 158 3188 1.12816e-19 4.05753e-35 1.12816e-19
SLL_fresh 159 3188 8.10867e-20 2.09613e-35 8.10867e-20
SLL_fresh 160 3188 5.81515e-20 1.07805e-35 5.81515e-20
SLL_fresh 161 3188 4.16095e-20 5.51954e-36 4.16095e-20
SLL_fresh 162 3188 2.9705e-20 2.81306e-36 2.9705e-20
SLL_fresh 163 3188 2.11573e-20 1.42705e-36 2.11573e-20
SLL_fresh 164 3188 1.50338e-20 7.20541e-37 1.50338e-20

SLL_processing 2 3188 0.0332134 0.00840014 0.00162324
SLL_processing 3 3188 0.0295299 0.00940202 0.00171732
SLL_processing 4 3188 0.0267875 0.00970487 0.00174476
SLL_processing 5 3188 0.0244333 0.00940006 0.00171714
SLL_processing 6 3188 0.0222868 0.0087019 0.00165214
SLL_processing 7 3188 0.0202951 0.00780413 0.0015646
SLL_processing 8 3188 0.0184453 0.00684496 0.0014653
SLL_processing 9 3188 0.0167351 0.00591052 0.00136161
SLL_processing 10 3188 0.0151625 0.00504801 0.00125835
SLL_processing 11 3188 0.0137236 0.0042787 0.0011585
SLL_processing 12 3188 0.0124123 0.0036079 0.00106382
SLL_processing 13 3188 0.0112209 0.00303197 0.000975222
SLL_processing 14 3188 0.0101408 0.00254269 0.000893075
SLL_processing 15 3188 0.00916331 0.00213005 0.000817402
SLL_processing 16 3188 0.00827959 0.00178375 0.000748011
SLL_processing 17 3188 0.00748122 0.00149407 0.000684583
SLL_processing 18 3188 0.00676031 0.00125224 0.000626735
SLL_processing 19 3188 0.00610949 0.00105058 0.000574056
SLL_processing 20 3188 0.00552202 0.000882483 0.000526131
SLL_processing 21 3188 0.00499175 0.000742358 0.000482556
SLL_processing 22 3188 0.00451309 0.000625489 0.000442946
SLL_processing 23 3188 0.00408098 0.000527938 0.000406942
SLL_processing 24 3188 0.00369085 0.000446425 0.00037421
SLL_processing 25 3188 0.00333859 0.000378228 0.000344443
SLL_processing 26 3188 0.00302047 0.00032109 0.000317362
SLL_processing 27 3188 0.00273316 0.000273145 0.00029271
SLL_processing 28 3188 0.00247363 0.000232846 0.000270256
SLL_processing 29 3188 0.00223918 0.000198914 0.000249789
SLL_processing 30 3188 0.00202735 0.00017029 0.000231119
SLL_processing 31 3188 0.00183594 0.000146099 0.000214075
SLL_processing 32 3188 0.00166296 0.000125614 0.0001985
SLL_processing 33 3188 0.00150662 0.000108233 0.000184255
SLL_processing 34 3188 0.00136529 9.34543e-05 0.000171215
SLL_processing 35 3188 0.00123752 8.08634e-05 0.000159264
SLL_processing 36 3188 0.001122 7.0114e-05 0.000148301
SLL_processing 37 3188 0.00101754 6.09174e-05 0.000138233
SLL_processing 38 3188 0.00092306 5.3033e-05 0.000128978
SLL_processing 39 3188 0.000837599 4.62594e-05 0.000120459
SLL_processing 40 3188 0.000760284 4.04281e-05 0.000112611
SLL_processing 41 3188 0.000690326 3.53976e-05 0.000105373
SLL_processing 42 3188 0.000627014 3.10491e-05 9.86883e-05
SLL_processing 43 3188 0.000569706 2.72826e-05 9.2509e-05
SLL_processing 44 3188 0.000517821 2.40138e-05 8.67903e-05
SLL_processing 45 3188 0.000470838 2.11714e-05 8.1492e-05
SLL_processing 46 3188 0.000428283 1.8695e-05 7.65778e-05
SLL_processing 47 3188 0.000389729 1.65334e-05 7.20149e-05
SLL_processing 48 3188 0.000354792 1.46433e-05 6.77736e-05
SLL_processing 49 3188 0.000323125 1.29876e-05 6.38271e-05
SLL_processing 50 3188 0.000294412 1.15346e-05 6.0151e-05
SLL_processing 51 3188 0.000268371 1.02575e-05 5.67233e-05
SLL_processing 52 3188 0.000244745 9.13304e-06 5.3524e-05
SLL_processing 53 3188 0.000223305 8.14145e-06 5.05349e-05
SLL_processing 54 3188 0.00020384 7.26567e-06 4.77396e-05
SLL_processing 55 3188 0.000186164 6.49101e-06 4.51229e-05
SLL_processing 56 3188 0.000170105 5.80481e-06 4.26712e-05
SLL_processing 57 3188 0.000155511 5.19612e-06 4.0372e-05
SLL_processing 58 3188 0.000142242 4.65544e-06 3.82139e-05
SLL_processing 59 3188 0.000130174 4.17456e-06 3.61865e-05
SLL_processing 60 3188 0.000119193 3.74633e-06 3.42803e-05
SLL_processing 61 3188 0.000109196 3.36453e-06 3.24865e-05
SLL_processing 62 3188 0.000100092 3.02373e-06 3.07973e-05
SLL_processing 63 3188 9.17977e-05 2.71919e-06 2.92052e-05
SLL_processing 64 3188 8.42368e-05 2.44677e-06 2.77037e-05
SLL_processing 65 3188 7.73414e-05 2.20284e-06 2.62865e-05
SLL_processing 66 3188 7.10501e-05 1.98421e-06 2.4948e-05
SLL_processing 67 3188 6.53069e-05 1.78808e-06 2.36829e-05
SLL_processing 68 3188 6.00616e-05 1.61199e-06 2.24865e-05
SLL_processing 69 3188 5.52686e-05 1.45376e-06 2.13544e-05
SLL_processing 70 3188 5.08866e-05 1.31147e-06 2.02824e-05
SLL_processing 71 3188 4.68782e-05 1.18343e-06 1.92669e-05
SLL_processing 72 3188 4.32097e-05 1.06814e-06 1.83044e-05
SLL_processing 73 3188 3.98505e-05 9.64262e-07 1.73916e-05
SLL_processing 74 3188 3.67729e-05 8.70619e-07 1.65255e-05
SLL_processing 75 3188 3.39516e-05 7.86159e-07 1.57035e-05
SLL_processing 76 3188 3.1364e-05 7.09946e-07 1.49229e-05
SLL_processing 77 3188 2.89894e-05 6.41149e-07 1.41814e-05
SLL_processing 78 3188 2.6809e-05 5.79021e-07 1.34768e-05
SLL_processing 79 3188 2.48059e-05 5.229e-07 1.28071e-05
SLL_processing 80 3188 2.29646e-05 4.72191e-07 1.21703e-05
SLL_processing 81 3188 2.12711e-05 4.26361e-07 1.15646e-05
SLL_processing 82 3188 1.97126e-05 3.84933e-07 1.09884e-05
SLL_processing 83 3188 1.82777e-05 3.47478e-07 1.04401e-05
SLL_processing 84 3188 1.69557e-05 3.13613e-07 9.91832e-06
SLL_processing 85 3188 1.57371e-05 2.82992e-07 9.42166e-06
SLL_processing 86 3188 1.46132e-05 2.55301e-07 8.94885e-06
SLL_processing 87 3188 1.3576e-05 2.30263e-07 8.4987e-06
SLL_processing 88 3188 1.26184e-05 2.07622e-07 8.07007e-06
SLL_processing 89 3188 1.17337e-05 1.87152e-07 7.66192e-06
SLL_processing 90 3188 1.09158e-05 1.68646e-07 7.27325e-06
SLL_processing 91 3188 1.01595e-05 1.51917e-07 6.90311e-06
SLL_processing 92 3188 9.45953e-06 1.36799e-07 6.55062e-06
SLL_processing 93 3188 8.81147e-06 1.23139e-07 6.21495e-06
SLL_processing 94 3188 8.21112e-06 1.10798e-07 5.89531e-06
SLL_processing 95 3188 7.65465e-06 9.96521e-08 5.59093e-06
SLL_processing 96 3188 7.13858e-06 8.95888e-08 5.30112e-06
SLL_processing 97 3188 6.65974e-06 8.05054e-08 5.0252e-06
SLL_processing 98 3188 6.21519e-06 7.23091e-08 4.76253e-06
SLL_processing 99 3188 5.80226e-06 6.49161e-08 4.5125e-06
SLL_processing 100 3188 5.41851e-06 5.82499e-08 4.27453e-06
SLL_processing 101 3188 5.0617e-06 5.22415e-08 4.04808e-06
SLL_processing 102 3188 4.72976e-06 4.68283e-08 3.83261e-06
SLL_processing 103 3188 4.4208e-06 4.19533e-08 3.62764e-06
SLL_processing 104 3188 4.1331e-06 3.75651e-08 3.43268e-06
SLL_processing 105 3188 3.86506e-06 3.36169e-08 3.24728e-06
SLL_processing 106 3188 3.61523e-06 3.00662e-08 3.071e-06
SLL_processing 107 3188 3.38225e-06 2.68748e-08 2.90344e-06
SLL_processing 108 3188 3.16489e-06 2.40076e-08 2.7442e-06
SLL_processing 109 3188 2.96202e-06 2.14332e-08 2.59289e-06
SLL_processing 110 3188 2.77259e-06 1.91228e-08 2.44916e-06
SLL_processing 111 3188 2.59563e-06 1.70507e-08 2.31266e-06
SLL_processing 112 3188 2.43026e-06 1.51932e-08 2.18306e-06
SLL_processing 113 3188 2.27566e-06 1.35292e-08 2.06005e-06
SLL_processing 114 3188 2.13107e-06 1.20394e-08 1.94331e-06
SLL_processing 115 3188 1.99579e-06 1.07063e-08 1.83257e-06
SLL_processing 116 3188 1.86919e-06 9.51424e-09 1.72754e-06
SLL_processing 117 3188 1.75067e-06 8.44898e-09 1.62796e-06
SLL_processing 118 3188 1.63968e-06 7.49764e-09 1.53357e-06
SLL_processing 119 3188 1.53571e-06 6.64861e-09 1.44413e-06
SLL_processing 120 3188 1.43828e-06 5.89139e-09 1.35941e-06
SLL_processing 121 3188 1.34698e-06 5.21652e-09 1.27918e-06
SLL_processing 122 3188 1.26138e-06 4.61547e-09 1.20323e-06
SLL_processing 123 3188 1.18112e-06 4.08054e-09 1.13136e-06
SLL_processing 124 3188 1.10586e-06 3.6048e-09 1.06336e-06
SLL_processing 125 3188 1.03526e-06 3.18201e-09 9.9906e-07
SLL_processing 126 3188 9.69027e-07 2.80656e-09 9.3827e-07
SLL_processing 127 3188 9.0689e-07 2.4734e-09 8.80822e-07
SLL_processing 128 3188 8.48585e-07 2.178e-09 8.26551e-07
SLL_processing 129 3188 7.93873e-07 1.91627e-09 7.75299e-07
SLL_processing 130 3188 7.42529e-07 1.68457e-09 7.26918e-07
SLL_processing 131 3188 6.94345e-07 1.47961e-09 6.81263e-07
SLL_processing 132 3188 6.49126e-07 1.29846e-09 6.38197e-07
SLL_processing 133 3188 6.06689e-07 1.13848e-09 5.9759e-07
SLL_processing 134 3188 5.66866e-07 9.97315e-10 5.59316e-07
SLL_processing 135 3188 5.29498e-07 8.72861e-10 5.23255e-07
SLL_processing 136 3188 4.94436e-07 7.63233e-10 4.89293e-07
SLL_processing 137 3188 4.61542e-07 6.66749e-10 4.57322e-07
SLL_processing 138 3188 4.30685e-07 5.8191e-10 4.27237e-07
SLL_processing 139 3188 4.01744e-07 5.07377e-10 3.98939e-07
SLL_processing 140 3188 3.74605e-07 4.41958e-10 3.72333e-07
SLL_processing 141 3188 3.49161e-07 3.84592e-10 3.47329e-07
SLL_processing 142 3188 3.25311e-07 3.34335e-10 3.23841e-07
SLL_processing 143 3188 3.0296e-07 2.90349e-10 3.01787e-07
SLL_processing 144 3188 2.8202e-07 2.51888e-10 2.8109e-07
SLL_processing 145 3188 2.62408e-07 2.18292e-10 2.61674e-07
SLL_processing 146 3188 2.44044e-07 1.88975e-10 2.43468e-07
SLL_processing 147 3188 2.26855e-07 1.63417e-10 2.26407e-07
SLL_processing 148 3188 2.10771e-07 1.4116e-10 2.10425e-07
SLL_processing 149 3188 1.95727e-07 1.21798e-10 1.95461e-07
SLL_processing 150 3188 1.81661e-07 1.04972e-10 1.81458e-07
SLL_processing 151 3188 1.68514e-07 9.03654e-11 1.68361e-07
SLL_processing 152 3188 1.56232e-07 7.77002e-11 1.56118e-07
SLL_processing 153 3188 1.44763e-07 6.67303e-11 1.44678e-07
SLL_processing 154 3188 1.34057e-07 5.72396e-11 1.33995e-07
SLL_processing 155 3188 1.2407e-07 4.90381e-11 1.24025e-07
SLL_processing 156 3188 1.14756e-07 4.19591e-11 1.14724e-07
SLL_processing 157 3188 1.06076e-07 3.58561e-11 1.06053e-07
SLL_processing 158 3188 9.79894e-08 3.06011e-11 9.79736e-08
SLL_processing 159 3188 9.04609e-08 2.60817e-11 9.04501e-08
SLL_processing 160 3188 8.34554e-08 2.22e-11 8.34482e-08
SLL_processing 161 3188 7.69405e-08 1.88701e-11 7.69357e-08
SLL_processing 162 3188 7.08852e-08 1.60174e-11 7.08821e-08
SLL_processing 163 3188 6.52605e-08 1.35767e-11 6.52586e-08
SLL_processing 164 3188 6.00391e-08 1.14913e-11 6.00379e-08

others 2 3188 0.0242838 0.0014538 0.000675294
others 3 3188 0.0173091 0.00132501 0.00064469
others 4 3188 0.0126429 0.00110485 0.000588698
others 5 3188 0.00941691 0.000877336 0.000524595
others 6 3188 0.00711235 0.000674957 0.000460128
others 7 3188 0.00542609 0.000508334 0.000399315
others 8 3188 0.00417155 0.000377432 0.000344081
others 9 3188 0.00322723 0.000277631 0.000295104
others 10 3188 0.00251032 0.000203008 0.000252347
others 11 3188 0.00196244 0.000147913 0.000215399
others 12 3188 0.00154142 0.000107563 0.000183685
others 13 3188 0.00121629 7.81595e-05 0.000156578
others 14 3188 0.000964054 5.67935e-05 0.000133472
others 15 3188 0.000767496 4.12901e-05 0.000113806
others 16 3188 0.000613649 3.00456e-05 9.70803e-05
others 17 3188 0.0004927 2.18879e-05 8.28596e-05
others 18 3188 0.000397194 1.59655e-05 7.07672e-05
others 19 3188 0.000321447 1.16615e-05 6.04808e-05
others 20 3188 0.000261109 8.52982e-06 5.17262e-05
others 21 3188 0.000212838 6.24816e-06 4.42707e-05
others 22 3188 0.00017406 4.58343e-06 3.79172e-05
others 23 3188 0.000142782 3.36705e-06 3.24987e-05
others 24 3188 0.000117455 2.47697e-06 2.78741e-05
others 25 3188 9.6872e-05 1.8247e-06 2.39242e-05
others 26 3188 8.00858e-05 1.346e-06 2.05477e-05
others 27 3188 6.63517e-05 9.94175e-07 1.76592e-05
others 28 3188 5.50809e-05 7.35233e-07 1.51863e-05
others 29 3188 4.58058e-05 5.44387e-07 1.30676e-05
others 30 3188 3.81534e-05 4.03542e-07 1.12508e-05
others 31 3188 3.18251e-05 2.9946e-07 9.69192e-06
others 32 3188 2.65806e-05 2.22449e-07 8.35325e-06
others 33 3188 2.22259e-05 1.65399e-07 7.20289e-06
others 34 3188 1.86037e-05 1.23087e-07 6.21365e-06
others 35 3188 1.55861e-05 9.16722e-08 5.36241e-06
others 36 3188 1.30687e-05 6.8324e-08 4.62943e-06
others 37 3188 1.09658e-05 5.09545e-08 3.9979e-06
others 38 3188 9.20729e-06 3.80214e-08 3.45346e-06
others 39 3188 7.7352e-06 2.83839e-08 2.98385e-06
others 40 3188 6.50179e-06 2.11971e-08 2.57857e-06
others 41 3188 5.46754e-06 1.58344e-08 2.22865e-06
others 42 3188 4.59967e-06 1.18307e-08 1.9264e-06
others 43 3188 3.87094e-06 8.84026e-09 1.66523e-06
others 44 3188 3.25869e-06 6.60579e-09 1.43947e-06
others 45 3188 2.74406e-06 4.93575e-09 1.24428e-06
others 46 3188 2.31127e-06 3.68734e-09 1.07547e-06
others 47 3188 1.94716e-06 2.75403e-09 9.29448e-07
others 48 3188 1.64073e-06 2.05629e-09 8.03125e-07
others 49 3188 1.38276e-06 1.53471e-09 6.93831e-07
others 50 3188 1.16551e-06 1.14488e-09 5.99267e-07
others 51 3188 9.82519e-07 8.53594e-10 5.17448e-07
others 52 3188 8.28342e-07 6.36024e-10 4.4666e-07
others 53 3188 6.98417e-07 4.7358e-10 3.85423e-07
others 54 3188 5.8891e-07 3.52357e-10 3.32455e-07
others 55 3188 4.96597e-07 2.61948e-10 2.86648e-07
others 56 3188 4.18766e-07 1.94564e-10 2.47043e-07
others 57 3188 3.53139e-07 1.44377e-10 2.12809e-07
others 58 3188 2.97795e-07 1.07028e-10 1.83227e-07
others 59 3188 2.5112e-07 7.92576e-11 1.57674e-07
others 60 3188 2.11752e-07 5.86275e-11 1.3561e-07
others 61 3188 1.78545e-07 4.3317e-11 1.16565e-07
others 62 3188 1.50535e-07 3.19662e-11 1.00135e-07
others 63 3188 1.26907e-07 2.35602e-11 8.59667e-08
others 64 3188 1.06976e-07 1.73421e-11 7.37551e-08
others 65 3188 9.01628e-08 1.27481e-11 6.32358e-08
others 66 3188 7.59807e-08 9.35806e-12 5.41793e-08
others 67 3188 6.40182e-08 6.85976e-12 4.63869e-08
others 68 3188 5.39286e-08 5.02108e-12 3.96862e-08
others 69 3188 4.54193e-08 3.66973e-12 3.3928e-08
others 70 3188 3.82436e-08 2.67796e-12 2.8983e-08
others 71 3188 3.2193e-08 1.95115e-12 2.47392e-08
others 72 3188 2.7092e-08 1.41932e-12 2.10999e-08
others 73 3188 2.27922e-08 1.03076e-12 1.79812e-08
others 74 3188 1.91684e-08 7.47321e-13 1.53107e-08
others 75 3188 1.61149e-08 5.40898e-13 1.30256e-08
others 76 3188 1.35426e-08 3.90812e-13 1.1072e-08
others 77 3188 1.13763e-08 2.81872e-13 9.403e-09
others 78 3188 9.55229e-09 2.02933e-13 7.97842e-09
others 79 3188 8.01702e-09 1.45833e-13 6.76346e-09
others 80 3188 6.7252e-09 1.04604e-13 5.72817e-09
others 81 3188 5.63862e-09 7.48894e-14 4.84676e-09
others 82 3188 4.72502e-09 5.35124e-14 4.09702e-09
others 83 3188 3.95718e-09 3.81626e-14 3.45987e-09
others 84 3188 3.31212e-09 2.71617e-14 2.9189e-09
others 85 3188 2.77048e-09 1.9293e-14 2.46003e-09
others 86 3188 2.31589e-09 1.36758e-14 2.07118e-09
others 87 3188 1.93457e-09 9.6739e-15 1.74197e-09
others 88 3188 1.61488e-09 6.82862e-15 1.46355e-09
others 89 3188 1.34702e-09 4.80987e-15 1.22831e-09
others 90 3188 1.12273e-09 3.38056e-15 1.02976e-09
others 91 3188 9.35038e-10 2.37074e-15 8.62349e-10
others 92 3188 7.78081e-10 1.65885e-15 7.21347e-10
others 93 3188 6.46919e-10 1.15809e-15 6.02715e-10
others 94 3188 5.37392e-10 8.06633e-16 5.03012e-10
others 95 3188 4.46002e-10 5.60522e-16 4.19312e-10
others 96 3188 3.69806e-10 3.88578e-16 3.49124e-10
others 97 3188 3.06332e-10 2.6873e-16 2.90335e-10
others 98 3188 2.53499e-10 1.85393e-16 2.4115e-10
others 99 3188 2.09564e-10 1.27582e-16 2.00049e-10
others 100 3188 1.73061e-10 8.75779e-17 1.65744e-10
others 101 3188 1.42762e-10 5.99638e-17 1.37147e-10
others 102 3188 1.17636e-10 4.09502e-17 1.13336e-10
others 103 3188 9.68227e-11 2.7892e-17 9.35364e-11
others 104 3188 7.95986e-11 1.89471e-17 7.70925e-11
others 105 3188 6.53603e-11 1.28359e-17 6.34533e-11
others 106 3188 5.36032e-11 8.67189e-18 5.21552e-11
others 107 3188 4.39058e-11 5.84233e-18 4.28089e-11
others 108 3188 3.59166e-11 3.92486e-18 3.50876e-11
others 109 3188 2.93426e-11 2.62912e-18 2.87174e-11
others 110 3188 2.39397e-11 1.75599e-18 2.34694e-11
others 111 3188 1.95048e-11 1.16934e-18 1.91519e-11
others 112 3188 1.58692e-11 7.76335e-19 1.56051e-11
others 113 3188 1.28928e-11 5.13832e-19 1.26955e-11
others 114 3188 1.04593e-11 3.39029e-19 1.03124e-11
others 115 3188 8.47239e-12 2.22985e-19 8.36331e-12
others 116 3188 6.85248e-12 1.46188e-19 6.77169e-12
others 117 3188 5.53366e-12 9.55268e-20 5.47398e-12
others 118 3188 4.46155e-12 6.22143e-20 4.41759e-12
others 119 3188 3.59131e-12 4.03815e-20 3.55903e-12
others 120 3188 2.88603e-12 2.61203e-20 2.8624e-12
others 121 3188 2.31534e-12 1.68364e-20 2.29808e-12
others 122 3188 1.85429e-12 1.08136e-20 1.84173e-12
others 123 3188 1.48244e-12 6.92018e-21 1.47333e-12
others 124 3188 1.18303e-12 4.41223e-21 1.17644e-12
others 125 3188 9.42361e-13 2.80263e-21 9.37613e-13
others 126 3188 7.4925e-13 1.77342e-21 7.45841e-13
others 127 3188 5.94577e-13 1.1178e-21 5.92137e-13
others 128 3188 4.70916e-13 7.01762e-22 4.69176e-13
others 129 3188 3.72234e-13 4.38794e-22 3.70998e-13
others 130 3188 2.93635e-13 2.73239e-22 2.9276e-13
others 131 3188 2.31154e-13 1.69434e-22 2.30537e-13
others 132 3188 1.81585e-13 1.04617e-22 1.81151e-13
others 133 3188 1.42338e-13 6.43144e-23 1.42035e-13
others 134 3188 1.11329e-13 3.93625e-23 1.11117e-13
others 135 3188 8.68795e-14 2.39822e-23 8.67331e-14
others 136 3188 6.76444e-14 1.4544e-23 6.75434e-14
others 137 3188 5.25449e-14 8.77871e-24 5.24755e-14
others 138 3188 4.07183e-14 5.27334e-24 4.06709e-14
others 139 3188 3.14767e-14 3.15214e-24 3.14444e-14
others 140 3188 2.42719e-14 1.87475e-24 2.42501e-14
others 141 3188 1.86686e-14 1.10932e-24 1.86539e-14
others 142 3188 1.43215e-14 6.52976e-25 1.43116e-14
others 143 3188 1.09574e-14 3.82307e-25 1.09508e-14
others 144 3188 8.36073e-15 2.22615e-25 8.35637e-15
others 145 3188 6.36166e-15 1.28904e-25 6.35879e-15
others 146 3188 4.8268e-15 7.42162e-26 4.82492e-15
others 147 3188 3.65158e-15 4.24806e-26 3.65037e-15
others 148 3188 2.75428e-15 2.41705e-26 2.75349e-15
others 149 3188 2.07113e-15 1.36685e-26 2.07062e-15
others 150 3188 1.55256e-15 7.6813e-27 1.55224e-15
others 151 3188 1.16011e-15 4.28905e-27 1.1599e-15
others 152 3188 8.64014e-16 2.3792e-27 8.63887e-16
others 153 3188 6.41331e-16 1.31092e-27 6.41252e-16
others 154 3188 4.74401e-16 7.17333e-28 4.74353e-16
others 155 3188 3.49681e-16 3.89753e-28 3.49652e-16
others 156 3188 2.56816e-16 2.10234e-28 2.56798e-16
others 157 3188 1.87912e-16 1.12558e-28 1.87901e-16
others 158 3188 1.3697e-16 5.98037e-29 1.36963e-16
others 159 3188 9.94464e-17 3.15257e-29 9.94427e-17
others 160 3188 7.19118e-17 1.64851e-29 7.19096e-17
others 161 3188 5.17856e-17 8.549e-30 5.17844e-17
others 162 3188 3.71334e-17 4.39573e-30 3.71327e-17
others 163 3188 2.65102e-17 2.24043e-30 2.65098e-17
others 164 3188 1.88408e-17 1.13164e-30 1.88406e-17

